id,x_e_out [-]
4,-0.0175463028454262
7,-0.118099809127181
10,-0.0565227453565162
12,0.0184572992985123
23,0.0578881650176256
27,-0.0994507250404268
34,0.0409879714695663
36,-0.0878405266333011
39,-0.0609422461590937
43,-0.1236983739425418
44,-0.0011297626988003
45,-0.0645299404021982
50,0.0433671634256171
56,-0.0945190397401758
57,0.0826658130351387
60,0.0334973491641364
62,0.0649761067401931
68,-0.0569652465205217
70,0.0625109781613272
74,0.0460329198233908
75,0.0126021079357634
76,-0.0639667570532769
78,-0.0641069639654844
81,0.0639530414482042
85,0.0871374971314218
93,-0.0240038846612909
95,0.0757445540621243
97,0.0838269906121819
99,0.044051441062472
112,-0.0028448958557708
116,-0.0642124399659523
119,0.1064251736230959
120,-0.0021818110262616
122,0.0011610300466372
127,-0.1033677356883664
137,0.0711959868562314
143,-0.0353867515581862
146,-0.0319832416520314
148,0.0709426665887851
149,-0.0968811622503284
150,-0.0995134255857164
155,0.0693388043553821
161,-0.0673666681085673
164,0.0046080862553768
168,0.0434095511300035
171,-0.0021973632868794
177,-0.1023240041504454
182,-0.017266616789245
183,0.0044108753811164
185,-0.0167570487511633
186,-0.0527481550159164
188,0.054432720554045
190,-0.0260561106424455
192,0.0069070175997225
200,-0.0261337067155025
203,0.1034494071241363
204,-0.0126328407168744
206,0.056408142212935
207,0.0299284437127724
209,0.057225540676133
210,-0.0404476367344646
211,0.0652431732514501
214,-0.0650675426263842
215,0.1029002294900828
216,0.0508272548166756
218,0.0696998854599387
221,0.0778731393570667
223,0.0617037778126201
227,0.0825640220927493
233,0.004703976089804
237,-0.1641661430880678
240,-0.0961788063312177
241,0.0472581067735789
245,0.0489092442016377
249,-0.0250452219480046
254,-0.0004012884930691
258,0.0038757579674656
260,0.0817723398972103
261,-0.1234904102264095
268,-0.0484374647165249
271,0.0666663851296687
273,0.0939832336590067
280,0.0921669125874431
282,0.0822012210057005
285,-0.0028262952319699
288,-0.0188972518237416
292,0.074672303774475
293,-0.1190710073752457
294,-0.0596479435528087
296,0.0217199488092128
303,0.1068038914843755
305,-0.0840192777119835
306,0.0313519440491402
308,0.0469032811132638
316,0.0158569938796867
317,0.0503392823477086
319,0.0778939233459642
321,0.03957464125282
322,0.0424685904024567
326,0.0884326283511122
327,0.1086942127283098
330,-0.1017229437019668
333,-0.0516273902298522
338,0.0816374453131093
339,0.038394093808496
340,0.0395522879779155
341,0.111871399369573
342,0.0512401282737335
347,0.1070185776953449
348,-0.0759640109120459
352,0.0424928025700166
355,-0.0416561327427732
358,-0.006457635995853
361,0.0285260169987387
362,0.0440474350312584
364,0.0364846020644616
369,-0.0330811676823497
371,0.0089954582229553
381,0.1076202056429557
383,0.0530839453390725
387,0.0415199960771559
389,-0.0103692505950106
397,0.0249963283902822
400,-0.0824458559428071
402,0.0408957342131434
403,-0.0989926337397197
407,-0.0838227527429295
415,-0.0954905543321718
417,-0.0436370340575368
426,0.020218991992185
429,0.0957303712833013
432,0.0817303977982311
434,0.0159743031487367
438,0.0089468752268977
440,0.0046523531708216
441,0.0296808581552258
449,-0.0553031318156107
450,-0.0561037678148086
455,-0.0781943386994099
456,-0.0941035715079264
458,0.0072974425469878
459,-0.0267565011198955
460,0.0792546879185177
461,-0.0250542544866592
462,0.0748804770863016
466,-0.0938394792161104
468,-0.0299802983055533
469,0.0441784291432654
472,0.0305948319425789
475,-0.0115440849662105
477,-0.0753381389653873
479,-0.030318314538705
486,-0.1384816422091583
487,0.0432821229528199
488,-0.1000243863962799
489,0.0219198762035514
491,0.0842983987020294
495,0.0163470773872166
502,0.0614225603190941
503,-0.0972157874255302
504,0.0787447536979932
506,-0.0469656817421397
510,0.0288414078697228
511,0.0057652294895227
513,0.0729660688209412
515,0.0150658551996794
516,-0.0632444911662945
517,0.0361396113627084
521,-0.0329431200081762
522,-0.0347237074699178
525,0.0572376551383409
527,-0.0275221268528131
530,-0.1448102567647511
531,0.0739696806597588
534,0.10096316816754
539,0.0685938590635768
541,-0.0554731523227414
542,0.0446098385005163
545,-0.0245637132623628
555,-0.0399978591603604
559,0.0462759003601504
562,0.1264831457003137
567,0.0138794264579577
570,0.0032575637761992
571,0.011222358072188
574,0.0423083119243923
578,0.1246436743995444
579,0.059697978615826
582,0.0701280778978617
584,0.0502972729620277
588,-0.098013282909144
594,0.093346584795187
596,-0.031912033153207
601,-0.0825337535853867
606,0.021824728147232
608,-0.0078603853691733
609,0.0811117162214468
610,-0.0173648988980968
611,0.0779424588962007
616,0.0704169330062927
619,-0.0444957352945618
620,-0.0286676113630583
621,0.0036266044802033
623,-0.0554083743214622
627,0.1163982008751471
628,0.0387377413273996
630,-0.0290422550049244
631,0.0318557644889783
633,0.091142505730128
642,-0.0080890112039219
645,-0.0869429946287946
647,-0.019526968103464
649,-0.1163982196268803
650,-0.0557617238173509
651,0.0103806585308819
652,0.0719276498460336
657,-0.0297136453834878
658,-0.0122793231547637
663,0.0498839359608158
667,0.0415752754520377
671,0.0645376503701496
674,-0.0638873263682327
677,0.1222642473403024
685,0.0175491751301881
686,0.0849510525028058
688,-0.0427648541842528
689,-0.0348948544448394
690,0.0400542360803125
693,-0.0231132488616398
695,0.0717422358689255
699,-0.0718164836212629
702,0.0541901762719307
705,-0.0050765988119254
706,0.0536136045055045
713,0.0841807991714532
714,0.156956375909811
721,0.082188856811039
724,0.0504305727278929
730,0.0696677085092111
731,-0.1582367207866235
733,0.1093915819093011
734,-0.0233379323182799
737,0.0120574554708767
740,-0.1281597834209656
743,-0.1346715111478929
748,0.1126812845651769
749,0.0256485631402851
750,-0.1168157393648094
752,0.0044729188877199
754,-0.022401862968111
759,-0.0577095813705587
760,0.1210522124258809
769,0.0701232090932741
770,0.0204272494854327
774,-0.1003921034519987
776,0.1014257296431237
778,-0.1242979423144365
780,0.0613598226494918
781,0.1360880619466403
782,-0.046576612492377
783,0.1258965172821908
786,-0.0582805762878527
789,0.0710843004446125
790,-0.0179466217492654
792,0.0872562683394652
793,0.1155693890979965
797,-0.0370198763146824
798,-0.0033168403011056
800,0.0565845633627258
808,0.1271755108932003
810,-0.0097325472255948
812,-0.0009906481196631
816,0.0108749127307161
819,-0.0238757979978855
824,0.0760429011455913
825,0.0209959245233227
831,-0.131620984243378
832,0.0308667658477844
834,0.0110629278780687
837,0.0327904343700102
838,-0.0101682058269892
840,-0.14638527483615
842,0.1071795971927038
843,0.0566155506927788
844,-0.0779287136670164
845,0.0045263304424589
848,0.0549554274087616
851,0.0367270008191577
855,0.0347374593937684
858,-0.0550625125866004
860,0.0468143954756167
861,-0.0356625527253383
864,-0.0511965786109476
865,-0.0505677340980683
869,0.0583717211110076
873,-0.0237625455257176
875,0.0740164242526175
881,0.0668208302080666
884,0.0220755802700323
885,-0.048949751196947
891,0.0463081903849434
895,-0.0617970262659786
896,0.0625258023046853
902,0.0661445996256011
904,0.0196938613866017
908,-0.0700792366096849
914,0.0501273158996363
924,0.0943567568148042
925,-0.0342821293263165
926,0.0594198869667978
928,-0.1781720878138239
933,0.0596228217095683
934,0.0400408870670427
935,0.0623610195022848
937,0.020980762027171
938,-0.0831828078447047
939,-0.023638735876306
943,-0.0686387265545713
950,-0.0457105181632868
951,0.0625989197591211
955,-0.1132246939374461
960,0.0800121873760866
961,-0.0564637442666431
968,0.023379067548223
973,0.1274703138582751
974,0.0300015589759689
979,-0.0129610419763526
982,0.083319935398482
984,-0.055707107218835
987,0.0264262493370176
991,0.0324606432023638
992,-0.1201907883878236
993,-0.0298841192168143
998,0.0641145289416182
999,0.0760298792554155
1003,-0.1058014220973089
1006,0.0147792005136638
1007,0.1010895645229032
1010,0.0111996634588985
1012,0.0224868955928222
1014,-0.0486851420497475
1017,0.0244487511021762
1019,0.0528999165015901
1020,0.0371938471068118
1022,0.0299038179020648
1024,0.015760572794293
1026,0.070111953586705
1029,0.0481878601524923
1030,0.0439226699575695
1033,0.0199959906975547
1036,-0.0134648182834519
1038,0.0650435809537213
1040,-0.1881526681110343
1042,0.0487454799111048
1044,-0.0236086885576198
1046,-0.0641479698645542
1050,-0.0576738845835605
1056,0.0651662590037243
1058,0.0479006255546595
1064,-0.1175940703723587
1065,-0.0499494308074307
1070,-0.0160148323139996
1073,0.1027234834151891
1075,0.1205481786648169
1076,-0.0517215830988118
1081,-0.1303024456971958
1089,0.0686003168508547
1092,0.0562443043847466
1097,-0.1126571752504321
1100,-0.0525752496174585
1101,-0.1330513275022284
1102,-0.0424002883987251
1103,-0.0047521095116222
1108,-0.0196563318632024
1112,0.0756435333190895
1114,-0.0605255682054119
1127,0.0606420780514585
1129,0.1187643706296792
1131,0.0352192808970264
1136,0.0672596759978826
1137,-0.0796816833413919
1139,-0.0630550987604281
1149,-0.0135039503918329
1150,-0.0773102668842383
1158,-0.0168173015771047
1161,0.0166551771425286
1165,0.0196907131238877
1166,0.0247392208499163
1168,0.1073188551004921
1172,0.0270130094665441
1173,-0.0661205942635637
1174,0.0448634493674372
1183,0.0122286920103398
1190,-0.0749946377771978
1192,-0.0566913296102309
1198,0.0357513342548433
1206,0.0313175593010675
1208,-0.1087338460683239
1209,-0.0622451007663992
1210,-0.0322214699473428
1211,0.0605911106339439
1214,-0.1712584958111122
1215,0.0343248758986649
1219,0.0696961296848981
1220,-0.0135234685916609
1224,-0.0824563920767121
1226,0.0234925600941909
1228,0.0436509884360896
1231,-0.0271474124041586
1232,-0.0567172605604751
1237,0.0161145735153548
1239,0.0768288409875492
1242,-0.0984821621639967
1243,0.0340090866903537
1245,-0.0094825836949847
1248,-0.0862715019894363
1251,0.0852729638760793
1259,-0.0328366366714962
1261,-0.0191103597480385
1265,-0.0607043180139121
1267,0.0578128324351959
1268,0.0458726687250591
1273,-0.0101409831489315
1274,0.1527336373701712
1276,-0.0562572605559871
1278,0.0944810266493595
1280,0.0875984669214727
1281,0.0512734935968071
1295,0.0601387668609628
1301,0.0660519976864217
1306,0.0820709594678177
1307,0.0469629844067087
1312,0.0346879046804407
1318,-0.1081858548184878
1323,0.053551308386043
1324,0.0633949514899274
1326,-0.0286531837524907
1335,0.0929276525692907
1337,0.013532448571966
1339,-0.10968810148587
1340,0.0417763584971446
1341,-0.0460846874743647
1347,0.0756601781170756
1355,0.0036345454905554
1357,-0.0114465716866202
1360,0.0644466788871461
1361,0.0422479918392074
1365,-0.0165453529026439
1369,0.0174513410958295
1371,0.1202747744370742
1374,0.0341730056579329
1375,0.0021765537086989
1379,-0.0185695533272904
1385,-0.064321544969108
1391,0.1311276689810022
1396,0.0595897588363222
1401,0.0807033262552745
1402,-0.1161697452140583
1407,0.0670953344080782
1412,0.0701658690754849
1413,0.0769594298610999
1414,0.0569993701077124
1427,-0.0527729563788033
1429,-0.1006815852166864
1435,-0.1428091748193022
1436,-0.1153691624447396
1438,0.0247913209686576
1439,0.0195706837001773
1445,0.1273440646917026
1447,-0.0531570126390306
1452,-0.0172076027453561
1454,0.0117709776697741
1456,0.0106025320824035
1461,0.0121509208885548
1463,-0.0641180126306028
1464,-0.12098560224934
1467,-0.1367992614960777
1468,-0.020944082126733
1473,0.0576743452034009
1474,0.0922194407290074
1475,0.0509080802363412
1476,-0.0339678652333452
1478,-0.0470898833752942
1481,-0.0570887967279182
1482,-0.058212982021628
1485,-0.0725984532772609
1487,0.1790544616705414
1495,0.0053434330412176
1498,0.0418094748402202
1502,0.002504639975122
1506,0.0582811495402556
1508,0.0976498094004231
1513,-0.1733259511326956
1516,0.1086947129606456
1518,0.0904489823091096
1519,-0.046940290964312
1520,0.0963972824760739
1522,0.0283236731441383
1523,0.071969650595847
1525,0.0765448800584437
1526,0.1035169077116021
1529,0.1701042157096901
1530,0.0694478252070257
1531,0.0611689733739596
1534,-0.0408224896335285
1541,0.0447545735915353
1546,-0.1073901011927595
1552,-0.0682241349247947
1553,0.044705661219122
1554,-0.0488182619058586
1555,0.0182374091717618
1557,0.054608199951446
1559,0.0956229601420991
1560,-0.0496197512405686
1564,0.0542087259953324
1565,0.1014334590355344
1566,-0.0567853554616139
1567,0.0508646039687693
1569,-0.0213496610541595
1573,-0.0842853461853038
1585,0.0926624177381479
1592,-0.0502577222208099
1598,-0.0134735571577946
1603,0.0498195780278424
1606,-0.0620231962622645
1608,-0.0763442699347651
1609,0.025960224515897
1613,0.0106793032215886
1619,-0.0541617373696135
1623,0.0886147564423067
1624,0.0181646599509145
1626,0.0060874944028131
1629,-0.0729235874367089
1631,-0.0164361864240907
1635,-0.1572443894369962
1641,-0.0528278186557509
1644,-0.0160235711883423
1645,0.0250921913918339
1646,-0.0847493763326845
1647,-0.0378682583845254
1648,-0.0764355685307294
1660,-0.0188473929612223
1661,-0.1328200860972447
1664,-0.1306247941995082
1666,0.0187839059875517
1670,0.0314625975224018
1671,0.0228212165328667
1673,0.0316508361893936
1677,-0.1011102854437679
1678,0.0143446295141036
1683,-0.0509447493639341
1688,0.1104930770445096
1694,-0.0049837347048597
1696,0.068429180379806
1699,-0.0906495775024324
1709,0.0282735694156399
1711,0.0923814688962135
1713,-0.0757489460162267
1715,0.0646625407042474
1716,0.0857877577306399
1719,0.0010664530964855
1720,0.0045788676201115
1723,-0.0824458945479621
1728,0.064439985710495
1730,-0.0656245265713579
1741,-0.0934883238211621
1742,-0.021235008665463
1747,-0.0393168474029399
1749,-0.0761161286227469
1750,0.053551308386043
1751,0.0805435978655281
1752,-0.0313299303923949
1758,-0.1620909951024148
1760,0.1158597020557056
1761,-0.0251618916786327
1763,-0.0713833161087342
1770,-0.059080034888395
1772,0.0862131569925333
1773,-0.131354060414845
1774,0.092527740537953
1777,-0.050960961568786
1778,0.0952487932638397
1779,0.0865396659085201
1781,-0.0537419550600205
1782,-0.0267094573779441
1783,-0.0101687307802487
1789,0.082541227901008
1790,-0.0119340674718769
1791,-0.0805672331073378
1794,0.054764264346294
1801,-0.0604666493031288
1802,0.013246872644356
1803,0.0115849668745903
1804,-0.0268898092240059
1805,-0.0414549178613705
1806,-0.0570887967279182
1809,0.0578163972964634
1810,0.0997646019705672
1812,0.0722500076289093
1817,-0.0098529610810414
1818,0.0468590024019458
1832,0.0240438332258523
1833,0.0019507494725318
1834,-0.0601619643457071
1835,0.024840061739381
1837,-0.0663417851582287
1840,0.0670953344080782
1841,-0.069777888382931
1844,0.0113313737860296
1848,0.0281492493743123
1849,0.0350057054415953
1850,0.0923910009670014
1854,0.0357366820084087
1856,-0.0491555149998112
1857,0.0422018842800434
1860,0.0159267508899028
1863,-0.036243884419357
1864,0.0598604689345139
1868,0.0926999537557164
1869,0.0769237766500956
1871,-0.026157926443164
1873,0.1132824159546003
1885,-0.0109023557362857
1886,0.0112161097052907
1888,-0.0304014332720939
1893,0.0130067764098875
1895,-0.001455831814304
1897,0.0151660187866201
1898,0.0159973322312562
1900,0.0697828514002413
1904,0.0743666152156754
1907,-0.0241234091854438
1908,0.0123184447321312
1912,-0.0796551476960554
1914,-0.0178967250748495
1917,-0.011577879409641
1918,0.0904854044455452
1922,-0.0316463101210933
1924,-0.0427386041958691
1927,0.0217942339039726
1928,-0.0072706622224297
1933,0.1356854604831858
1935,-0.0122618804834126
1940,-0.0162843770422391
1948,-0.1016497215650373
1950,0.1331100664275958
1952,-0.0485341613466947
1953,0.074895246151751
1954,0.033066425011547
1955,0.0701560220355558
1958,0.0133697469355087
1959,-0.0606517571406441
1963,-0.0449571423111001
1964,0.0287721764311742
1967,0.0572400597971512
1969,-0.1393862649324997
1974,0.0241565574937599
1975,-0.0146685332182443
1980,-0.0164487227553668
1993,0.0235958939075728
1997,0.0395447173162416
2000,0.0549352200741471
2003,0.1224298066389524
2004,0.0832545392383858
2008,-0.0100789878947986
2009,0.0475716057987806
2013,-0.1053807612622314
2016,-0.0593768965729539
2019,0.0522701586884995
2021,0.038566910351252
2022,0.0170691899827318
2024,0.0096980965292653
2030,0.0230156194459058
2034,-0.067991967773106
2038,0.0134189180072415
2041,0.0170683602937654
2045,0.0738242632239928
2049,0.0690749062933892
2053,-0.0453967480474172
2057,0.0353203319385644
2063,0.0121532564968702
2069,0.000987440128752
2071,-0.0532684920167842
2072,0.069731315648037
2076,0.0097196951331883
2078,0.0435159548025901
2083,0.0345230663997221
2084,0.052190291879503
2086,-0.0474768463379791
2087,0.052190291879503
2089,0.0572445302714719
2091,0.1202062927739734
2093,0.063350353252886
2096,-0.1435523916186144
2098,0.0031631271384082
2099,-0.0062878326850927
2104,-0.0952090768568526
2106,-0.0813243218187001
2108,0.0537103268294446
2109,-0.013703533565244
2110,0.0432194032427699
2114,-0.0993940240440768
2116,-0.0316676471463164
2122,0.1164788029805058
2127,-0.0134308477467272
2128,-0.0335595236263912
2130,0.0769292597609415
2133,0.012250811735163
2136,0.034080752492207
2142,0.0778974171563598
2151,-0.0609460988615314
2153,0.0372939890101136
2155,0.0591518301488828
2156,-0.2026651382388415
2158,-0.1069323458068385
2161,-0.0261255164811974
2163,-0.0652064446120335
2165,-0.1025736402152346
2166,-0.064050511632599
2171,0.0952614717839247
2174,-0.1541051079185566
2175,-0.0221977539226122
2181,0.0926279412936601
2183,0.0039521687540296
2188,-0.0067133809856501
2193,0.1089088962499317
2197,0.028566767974966
2199,0.0682215386183275
2201,-0.0578669954848145
2206,0.1007336938972873
2208,-0.0424647726871826
2210,-0.0201386695149756
2221,0.1150936170247235
2222,-0.0031752298305305
2226,0.0098514901104357
2230,0.0590565845434682
2233,0.0231015320182806
2234,0.0560312844748748
2235,-0.0437222818628744
2245,-0.06238842928767
2248,-0.077817392974646
2249,-0.0924868704632667
2252,-0.0464329036634443
2254,-0.0238406034675214
2255,-0.1513292292737627
2256,-0.0675044203679592
2257,0.1538977551963536
2260,0.0667770245902427
2262,0.0924406393628753
2268,-0.0179881081055204
2270,0.0372714498093951
2275,-0.0455259002088715
2277,0.033266215041454
2281,-0.0090508876925032
2282,-0.0702675379034101
2287,-0.043535715695823
2288,0.0292684188340305
2290,0.0021769384589456
2291,0.0343248758986649
2295,0.0968877739879047
2298,-0.0131874673524837
2300,0.0204215312308484
2302,-0.0514307810124206
2306,0.0313064977944806
2307,0.0320997368575179
2308,-0.0422861372197435
2309,0.0444923136697579
2311,-0.0395042030413938
2312,0.0501693738233308
2313,0.010159342454974
2320,0.0213810216258203
2321,0.0316017561235943
2324,0.1112167348316603
2329,-0.0589254157206949
2332,0.0878666643554825
2333,0.0718602747103982
2335,0.0238994789878276
2337,-0.0392493914285324
2340,-0.0256831524018819
2344,-0.033535814435573
2345,0.0586187360376786
2349,0.0238991571059841
2350,0.0681016974374462
2354,0.0707971599816588
2357,0.0254188895216776
2360,0.0275849759167418
2365,-0.0150132583100891
2377,0.1005899450929988
2382,0.0324658702382112
2384,0.0989449625809274
2388,0.0472495797574755
2391,-0.0488396294007035
2393,0.0659315690691263
2395,-0.0099576100852918
2396,0.0382773014986491
2400,-0.0220770114714737
2401,-0.0031835804259912
2402,0.0472589262644567
2407,-0.0382249855745435
2422,0.0851119662460131
2423,0.0595976692943195
2426,0.0070746162730256
2430,0.0375719010878547
2432,0.0697963049563926
2433,-0.0040298833640094
2436,0.0662187854071465
2438,0.0241224806939161
2439,0.1027139583673685
2449,-0.0982537271055565
2453,0.0529211756889157
2462,0.0593493567510048
2474,0.0288256152738332
2476,-0.1346329511491293
2480,0.0609979512228445
2482,-0.0087880169661598
2492,-0.0157105714338122
2495,0.0370333717443917
2496,-0.0570885774277524
2498,0.0581047433194592
2500,-0.0130399175831609
2501,-0.1801111295204288
2502,0.0846728374657904
2512,0.0838878584852274
2514,-0.0173966076192802
2517,-0.0628233267955265
2518,0.0833339352077412
2520,0.1077596859435908
2524,-0.0441560074143096
2527,0.0379085762950436
2530,-0.1093166922953596
2531,-0.04659977347835
2534,0.0730725252284739
2536,-0.0366223625438959
2537,-0.005903000817726
2542,-0.0001919976674852
2543,-0.0735114341123245
2544,-0.0584013511611615
2545,0.0553462391432998
2546,0.0438021568598071
2550,-0.0583272972692683
2551,-0.0513734281190446
2552,-0.0156180746073564
2554,0.0090775098920072
2555,0.0334652963775453
2559,0.0538837142887384
2562,0.0603951941003153
2565,-0.0277626529546579
2566,-0.0448889678221384
2567,0.0682923996861006
2568,-0.0071764085428404
2571,0.0141182609702888
2572,-0.0440703695498284
2573,0.0164866141411745
2576,0.0174513410958295
2581,-0.1461196931978847
2582,-0.0347359679690758
2584,0.1207538768644265
2588,-0.0319584775048852
2590,0.0516810617347649
2591,0.0574337443230553
2594,-0.0064294518722002
2597,0.1563583735368935
2598,-0.0166308689047296
2600,-0.0108204725796911
2603,-0.0078696261379873
2604,0.0411382244416774
2606,-0.089776430615008
2608,0.0693298647715473
2613,0.0605964043048641
2615,-0.0755591807452305
2616,-0.0438686887821379
2617,-0.0754031210339327
2625,0.0460342817499099
2626,0.0439517833915433
2631,-0.0052815242530176
2643,0.0196435243874797
2644,-0.0912094604649401
2649,-0.0924457183712545
2650,0.0102706129089327
2652,0.0172313677395952
2655,-0.0087728286846705
2658,-0.0603758296860085
2660,0.0137080840731528
2667,0.0371563731839948
2673,0.0188817632320351
2674,-0.0463340577954719
2676,0.0381624107352132
2677,-0.0077606676995232
2681,0.0316508361893936
2689,0.068318276819422
2691,-0.0438026055725763
2693,0.0911300732841993
2696,-0.0588400149263925
2700,0.0333231080195593
2701,0.0345429456104532
2702,0.0764732903964707
2704,-0.0466520149545674
2706,0.0229405567538061
2707,-0.0122415226416346
2708,-0.0605053891289769
2712,0.0460342817499099
2713,0.0196833208208362
2716,-0.1671756393773443
2717,0.0566355576847972
2721,-0.0475292271682001
2731,-0.0515299543287878
2736,-0.0486120226566402
2740,0.0055494501058704
2743,-0.0164487227553668
2747,-0.0311472600428104
2748,0.0798473111294337
2749,0.078248317335149
2758,0.0238367559112066
2759,-0.0630577611083088
2761,-0.0139606097599702
2762,-0.0788504000988574
2763,-0.0500723102344805
2766,0.0322775731137313
2768,-0.0251875507019904
2772,0.0904975154598704
2775,-0.1136410913566739
2776,0.0958331191866005
2777,0.0749513073581482
2781,-0.0387784612350366
2785,0.0095182098468538
2788,0.038333390877217
2790,0.1135525051491746
2791,0.0172600159950604
2793,0.0718978850064305
2795,-0.050788625935536
2798,0.0370864867477896
2800,0.0180939078001831
2801,0.006305460623535
2805,0.0887844651219306
2812,-0.0568577973889692
2815,-0.029994650863158
2816,0.034821286766999
2819,-0.0013780166718796
2821,0.0575034264370011
2828,-0.0498415087892467
2830,0.0671588295885754
2831,0.0342752422476696
2834,0.06362401451951
2836,-0.0894092363052571
2838,0.030854739026619
2842,-0.0347198821993037
2843,-0.0165453529026439
2846,0.081998185860782
2849,0.1080248254529197
2850,0.1050108393432643
2853,-0.0526985268549234
2856,0.051286735254518
2862,0.0353311849605333
2868,0.0635061900953738
2872,-0.0322063714974511
2878,-0.0502577222208099
2883,0.0560428094375594
2884,0.1089981456804104
2885,0.0404921220498148
2887,0.0573635085064672
2889,0.0589163314806207
2893,-0.0532090793613726
2897,-0.1002401359827178
2898,0.0542510853873579
2901,0.0599442192332715
2905,0.1017372854506941
2907,-0.0200050319476355
2910,0.001380618843309
2912,-0.1857383583673269
2914,0.0367175438028355
2921,0.0015059051077206
2922,0.0230372005219407
2924,0.0560721983123397
2936,-0.0687028974587345
2938,0.0368932999090438
2939,-0.0624634705960854
2941,0.0214452964889813
2950,-0.015187802944153
2956,0.0638512259520268
2959,0.0402421790975958
2960,-0.0791871322499129
2961,-0.0538332864776623
2962,0.0567926075820768
2966,0.0937420599762365
2970,-0.0050623935210414
2973,0.0277172097568476
2974,0.093048681140138
2976,-0.1544039158677623
2981,-0.0427317403367514
2983,-0.0251869988422171
2988,-0.0383954238701443
2989,-0.0570255672288965
2994,0.0529846335323882
2995,-0.0657322115260772
3010,-0.0096891345502482
3013,-0.1565964224197355
3015,-0.1331933690165964
3026,-0.0568320830509024
3027,0.0172902240532707
3036,-0.1260347406010913
3050,0.0542991515004165
3051,0.0193767474930239
3053,-0.1504855186163541
3055,0.0709901801236105
3060,-0.0561417046457153
3062,0.0226641358060552
3063,0.0876914720197795
3064,-0.1208749853483527
3065,0.0424553823445838
3072,-0.0206732501238979
3077,-0.149246542811918
3078,-0.077817392974646
3079,-0.0228900469751301
3086,0.0879167831193747
3090,0.1035133860709125
3093,0.0489782715090274
3094,-0.0433474088984765
3098,-0.055114737504046
3101,0.1023963668684318
3107,0.0250663966748204
3109,0.1096480080753686
3110,0.0275255475631248
3115,0.0413684111336506
3116,0.0263469712527326
3121,0.0281492493743123
3124,-0.0520112443680264
3125,-0.0445172131250448
3126,0.0721079323053677
3129,0.0203903859185275
3130,0.0273581394199249
3131,-0.0764302414975554
3133,-0.0594059796968364
3134,-0.0108073433893528
3135,0.0923326530314823
3140,-0.0279778559954673
3141,-0.0864391160305549
3142,0.0729521594419439
3146,-0.0272587912572571
3150,0.0367283693158509
3154,-0.0480632916891911
3155,-0.0128495793682138
3156,0.0811536234744417
3158,-0.0095364075554058
3164,0.0443208120312218
3173,-0.0177044562245729
3174,0.0172153167000595
3176,0.0412968801382644
3178,-0.0688279212215446
3181,-0.058192244173581
3183,0.1350619541475782
3186,-0.0365430668731467
3189,-0.0564108305567083
3190,-0.0673125953578203
3192,-0.0002176523655285
3194,0.0018522199674464
3195,-0.1339061994725919
3196,0.0421374204421438
3198,0.0268025486472082
3210,0.0623097173256025
3211,-0.0570885774277524
3212,0.0305121788406399
3213,-0.0417696838627042
3214,0.0537752626277938
3216,-0.0708797610869067
3218,-0.0870288535880119
3219,-0.1257042968312769
3221,-0.0193328310109361
3222,-0.0549955156526984
3223,0.0920831104943127
3226,-0.0482965116437428
3228,0.0131392651525126
3229,-0.0562418545034654
3230,-0.0085197466126771
3231,-0.086267368407777
3233,0.0048500494237149
3235,0.0309727630181506
3236,0.0240296008611221
3237,-0.0627299642376451
3239,-0.0022645897815061
3244,0.1002630653654002
3253,-0.0363512834419253
3254,0.0646239537114645
3257,-0.0195124649160818
3258,-0.0457927326050104
3259,0.0669141979808492
3260,0.0445988296290061
3265,-0.0097407985838649
3268,0.037471520923991
3269,0.0538064774886991
3271,-0.0498931392427914
3273,0.0280671821428092
3274,0.0050141759691256
3277,0.0770666511903966
3283,0.0829328210489107
3284,0.0284545466183695
3286,-0.0901786872398951
3287,-0.0637837905718288
3289,0.0436789356601623
3294,0.0560044650486345
3296,-0.0576327076380868
3299,-0.0838443889129195
3303,0.0293946368829545
3310,-0.0580621824700563
3311,0.0915423426403514
3312,0.0509338527485172
3315,-0.0990804533126515
3325,-0.0017028203702185
3327,0.0009468536874444
3332,0.0322948691734748
3333,0.0609847931372703
3335,0.0580134815952367
3342,-0.063703560427065
3346,-0.1480864172297921
3348,0.0904000747697615
3353,-0.0326507846495143
3360,0.0298872065957085
3366,-0.1125137703543239
3367,-0.0501313986675972
3377,0.0193828281538504
3382,0.0355377619978959
3384,-0.0671369700432452
3385,0.0180086212855365
3391,0.0266434197085309
3392,0.1116391909775977
3395,-0.005025900584883
3396,0.0283236731441383
3399,-0.0247858185542434
3409,0.0663574007325936
3413,-0.0473774924688535
3415,0.0309667944198871
3416,0.0248016166436875
3417,-0.1254615320609551
3424,-0.0979857535089383
3425,0.1212311757698353
3430,-0.0845813908481423
3432,0.1088136651402253
3434,-0.0581078467221912
3435,0.0154935284413651
3437,-0.064188678603383
3442,-0.044425488980346
3443,-0.0750643002673312
3448,0.0247096748383353
3450,0.042759676650134
3452,0.062235605168578
3457,-0.1050548644719369
3464,0.0305697766260542
3465,0.110253811942362
3466,0.0293249704408789
3468,0.0085611223846185
3470,0.0895317562266116
3476,0.0211981722808297
3489,0.086879864186959
3493,0.0229810344231158
3494,0.032251171138473
3495,0.0418832778165454
3497,-0.0067432363551505
3498,0.0509146661941612
3499,0.0656560611064939
3519,0.014466668662429
3522,-0.0064385506189993
3523,0.0075403121222332
3525,-0.0461301940053371
3526,-0.0007586212219047
3528,-0.0198353832820585
3530,0.0189072259317097
3531,0.0329741647356514
3533,0.0607202939746511
3535,-0.0256626897860948
3537,-0.0103532438724287
3538,0.0297840694004874
3542,-0.0103840756275853
3543,-0.0560575058922114
3546,-0.1403295184105348
3547,-0.0824642306409667
3548,-0.0686768869450855
3549,0.0267923301499079
3550,0.0484395907109789
3551,0.0877708772955783
3552,-0.09926826284392
3559,-0.1066497060851571
3561,0.0127300671516583
3564,0.0230629557201544
3569,0.0149029441150698
3573,0.0616067218625142
3576,0.0564578155413102
3580,-0.0852149833835037
3582,0.0434997409243073
3585,0.0358537013696565
3587,-0.0567734239658052
3590,0.007562399763145
3595,0.090976642289018
3597,0.1099627755016916
3599,0.0636456909543679
3600,0.0425908451586228
3602,0.0441395802396965
3604,-0.0021902484815753
3608,-0.0909702253818699
3609,0.0109243368217587
3610,-0.0654446142144235
3613,0.05677607356162
3616,0.0024184171075336
3617,0.0938787130792511
3621,-0.0409486009906969
3630,0.0621772568792046
3631,-0.0087084027510809
3632,-0.128145697574748
3635,0.0316903842079006
3636,-0.0076197397011303
3637,-0.0801073277225911
3639,0.0242607237724243
3641,-0.106876612548472
3643,-0.0940442794412849
3660,-0.076310201820649
3662,-0.0433294147768315
3673,-0.0498210446209608
3674,-0.0483590381473115
3684,0.0923594748504554
3687,0.1058972789584855
3688,-0.1455679701382657
3693,0.0819823932717767
3694,-0.0383142010732471
3698,-0.0537620908511883
3701,-0.08001638663034
3702,0.1098613089860956
3707,0.04983599583801
3712,0.0592059841221632
3716,0.0504246941295507
3717,0.0352618980876731
3719,-0.1033554106363003
3723,0.1067472930278257
3724,-0.0821867663711334
3726,0.0905833957531231
3733,0.0307979832873506
3734,-0.0271031716767884
3741,0.1019228892979003
3749,-0.0436681722387833
3750,-0.0510535774196388
3755,0.114857661352437
3759,0.0223088979687447
3761,0.0251838877359334
3767,-0.1308571474186416
3769,0.0352405474402699
3771,0.0293398511806613
3775,-0.0735422386158467
3777,-0.1297954083247434
3778,-0.0712640770774444
3781,-0.0891846072547715
3783,0.0326071172604905
3784,-0.0277759401457613
3789,0.0300580340815702
3791,-0.0239911909275075
3795,-0.1585341589479384
3796,0.0569718749387711
3798,0.1043846661213153
3802,0.0180424318556691
3806,-0.0096105763329653
3812,-0.0087730155439937
3813,0.0901445782813725
3814,-0.059574154775634
3816,0.0352931034075744
3818,0.0533512889409533
3819,0.0977249244962592
3822,0.1116189394752559
3824,-0.0717934138472645
3828,-0.0057735473681788
3833,0.0235491059941865
3838,-0.1406844750376709
3839,0.0290907833437393
3841,-0.1027887601775561
3842,0.0336868029295698
3844,0.0659383440342351
3845,-0.0240524537554501
3847,-0.0975862642342741
3851,0.111019366381909
3853,0.1502273702636241
3856,-0.1344611957631672
3861,0.0377836855571546
3862,0.0523221980843067
3865,-0.0595788136030867
3868,0.0645788125593672
3869,0.0682215386183275
3870,0.0743522372286798
3873,-0.0440848592749402
3878,0.0365736145000557
3882,-0.0008952681881396
3883,-0.1129801613421473
3884,-0.0436242850855566
3894,0.0350137684441814
3901,0.0212266632227159
3902,-0.0078915194271915
3907,-0.0272287057931262
3914,0.0440113812289855
3918,0.0110503959478791
3920,-0.0321600963329346
3932,0.0530030359032573
3936,0.0752644896499263
3938,0.0561065974959744
3949,0.0641939634371537
3951,-0.0793826208449903
3955,0.0633901477919525
3964,-0.0080101353575861
3965,0.0487801732365847
3969,0.0659112460627149
3972,-0.0610524892161638
3976,-0.001044454503787
3983,-0.1036597509429666
3984,0.0326572469622359
3985,0.0064146595138684
3986,-0.0930297437029214
3990,0.0707916165054055
3991,-0.0148456697136123
3997,0.0406242519109754
4002,-0.0757627508040518
4003,-0.0645318026627129
4009,0.0137929171116597
4010,0.0752105080255459
4011,-0.0130413971772282
4016,0.0316086326570208
4018,-0.0277512243488274
4020,0.0428270163269375
4022,-0.100800671458203
4024,0.0252742383553478
4027,-0.0198629466672303
4030,0.1264760632869829
4031,-0.058089178740241
4032,-0.0264947451381781
4033,0.09496325654454
4034,-0.0411871621946291
4036,-0.0857906624117073
4038,-0.0597044395246298
4040,-0.0796188862944563
4047,-0.0440589985045269
4048,-0.0671805790789102
4051,0.005539785160154
4052,0.0641730947556706
4054,0.0403359487466266
4057,0.0171181912233752
4059,0.0042599399821085
4062,0.0606322308861385
4064,-0.0240377771920621
4065,0.0985300346299967
4066,0.0431088935900647
4072,0.0469948715795672
4074,0.0071540340500826
4078,-0.0853430438355097
4080,-0.0867176475056991
4081,0.0852412779650254
4082,0.0247936448463136
4084,0.0512270533798366
4085,0.0487599890391607
4089,0.0339065514894452
4090,0.0461292906256058
4100,-0.0247536504123443
4101,0.0843143950255967
4111,-0.0173641658150958
4118,-0.0159216611255723
4119,-0.1046617848379854
4120,-0.101908004436143
4128,-0.0552603049880988
4131,0.0377810767189831
4134,-0.0700038886328771
4138,0.030464387828974
4139,-0.0073996097615146
4141,-0.0641479492737608
4142,0.0862163442933424
4151,0.0193764147891023
4154,0.0602091701904339
4156,1.547576973780712e-05
4157,-0.0463301423992445
4158,-0.1031734500931543
4168,0.0486703655456752
4171,0.0133291221527794
4174,0.0146312486835694
4176,-0.0167721517363874
4178,0.0392856043995217
4182,0.0283185625343257
4191,0.0591553613338002
4197,0.0783864547770539
4198,-0.0647280513390062
4201,0.064217458109518
4205,0.0686744591912151
4207,-0.0647717644331664
4209,0.0868646380322367
4210,0.0247501850663504
4211,0.0404714459124594
4214,-0.1108703977394207
4215,0.0854169512661022
4216,-0.0182884143748052
4217,-0.0460362575785666
4218,0.1214336068588087
4220,0.0579574174901218
4222,-0.1469150815550075
4225,0.0155287163945312
4226,0.037244613157351
4232,-0.0145631311777297
4235,-0.0389229727874088
4242,0.0087668399464096
4254,0.055727912648
4257,0.0255984111179061
4258,-0.021776489166631
4259,0.0279735534751705
4264,0.0245082289508915
4265,-0.0623700575486971
4266,-0.0467715747177769
4267,0.0237190364669826
4270,0.0521061965206795
4271,0.0236184961352656
4277,-0.1213824489624886
4278,-0.06477841289765
4282,0.0475151954720682
4287,-0.0768917543966457
4288,-0.0375062407707343
4289,0.0706628821570824
4292,-0.027887294953892
4293,-0.046745449069845
4294,0.036416591635433
4295,-0.0545670021776825
4299,0.0664060843011278
4301,0.0828525931902268
4303,-0.0108610156713947
4308,0.057992436832755
4309,0.1106707093042341
4310,0.0296449833881451
4326,0.0675401962469381
4333,-0.0138908932971522
4334,-0.1074356987882
4337,-0.0478254259288709
4338,0.0049341139802354
4339,0.0262405098531112
4340,-0.0113795643398837
4341,-0.0061208264580216
4342,0.0318411399321639
4346,-0.008646615122159
4350,-0.0756004868851443
4353,0.0649084382343456
4357,-0.1147629630279272
4362,0.0266456856986028
4366,-0.1600181018757393
4373,0.0639795421692892
4375,-0.0527892767052948
4377,0.0387977034818983
4380,0.1147991788806432
4381,0.0711103087530621
4383,-0.1435829608253532
4388,-0.0025090771624195
4390,0.0593830485110915
4392,-0.011223528111789
4396,0.1308827264146031
4401,-0.0488314504372934
4402,-0.060404086114632
4404,0.0332834404216612
4407,-0.1534953938365084
4416,-0.0050505862171506
4421,-0.030749399749301
4422,0.0570614295489737
4427,0.0701180971687773
4430,-0.0539705543292647
4433,0.0078609327053376
4436,0.0308619522666709
4439,-0.0268904378445018
4442,0.0664018330856518
4446,0.0351533816322471
4448,-0.0414231542202881
4450,-0.0509714100630194
4451,0.107669319829795
4452,0.0565000443004354
4459,-0.0395420982849644
4466,0.0688789449102464
4470,0.0144935752080936
4479,-0.1321439071052765
4481,0.0320795433770408
4497,-0.0226381462533526
4498,0.096872428257824
4499,0.0672120723992131
4504,-0.0301873106581311
4505,0.0698549716406419
4506,0.0270262601154837
4507,0.0165451389637307
4508,0.0827749511242734
4509,0.0079043334399652
4510,0.0061400534819614
4515,-0.0386607737179286
4520,-0.0251570141264038
4521,0.0830858534608665
4523,0.0711841753307815
4525,0.0167108149481929
4526,-0.0180302628767334
4529,0.0521355976409469
4532,0.0677962514330874
4536,0.065739233517984
4537,-0.1319507465430523
4541,0.04176235971783
4551,0.0656573572253049
4553,0.0166076665768294
4555,0.0035652100381683
4561,-0.035030908338677
4568,0.0889582080991607
4575,-0.0958492191323218
4577,-0.098747632094243
4579,0.0288192808872628
4581,-0.0279839974976622
4582,0.05149722402575
4583,-0.0528269985040986
4584,-0.0028764772574398
4586,-0.013004887339845
4587,0.0173023307210238
4594,-0.0415446933240901
4601,0.0385199349671393
4602,-0.0258554059295515
4603,0.0168908187664271
4605,-0.0552603049880988
4608,0.0868385494424041
4609,0.0305788184210829
4610,0.1047083840977201
4612,0.0158340839934241
4615,0.0736360282778194
4618,0.120083236701982
4621,0.0793093183298968
4627,0.0663468903155753
4634,0.068057485886686
4640,0.0515040631036385
4642,-0.1159965351331291
4644,0.0674003736542961
4646,0.1285798059119289
4650,-0.0116123025318025
4657,-0.1337688498707333
4663,0.0467315814474896
4664,-0.0244051613451941
4665,0.0644809385175443
4667,0.012691556751273
4668,-0.0608119422818205
4669,0.0938640211274063
4672,-0.0588992107974926
4673,-0.0934538246100561
4676,-0.0738208536871145
4677,0.061623488549738
4682,-0.0641173203656375
4684,-0.0081866165287074
4688,-0.093254696822683
4690,-0.0574091441102427
4695,0.0079511100522414
4698,0.0755857808149819
4699,0.0700350903592189
4701,-0.0409359200581701
4702,-0.0113140414517344
4705,0.0321942238787222
4710,0.0011009944646959
4711,-0.098747632094243
4720,0.1133069944194677
4722,-0.0904774120540437
4723,-0.0577424731583898
4736,-0.0399412012301596
4741,0.0939194780487991
4746,-0.0463884321980066
4747,-0.0466714859582931
4748,-0.0350400937218613
4750,-0.0032396911780752
4751,-0.0129936846200236
4753,-0.1088374731393097
4760,-0.0271643265196755
4761,0.1239184926467304
4763,-0.0101309748090691
4771,-0.0062769297471847
4772,0.0279170822928157
4773,0.0772542050874685
4781,0.0090427481294513
4785,0.0494183960946119
4787,0.0422837543771232
4788,-0.0617633258836494
4791,-0.0589096228111382
4795,0.0612714563238996
4797,0.0330085240036909
4798,-0.0426934919032171
4803,0.0842451350234873
4807,0.0570618618002954
4811,0.1330644929037364
4812,0.0762578070291595
4814,-0.0010298106768551
4822,0.0549998630916809
4826,-0.0123411144230746
4828,0.0153295935776908
4833,-0.0659772420200143
4847,0.0276982795224984
4849,-0.0544173177193545
4851,0.0280092070654912
4853,0.0369602303271695
4854,-0.1656992751665709
4855,-0.059928779798602
4859,-0.1242560301896825
4863,0.0865278229505631
4864,0.0149101061562013
4867,0.0206938734815878
4869,0.1008653881229267
4872,0.0182895445673452
4873,0.0178990687485967
4880,0.0302065825937917
4881,-0.1501009498086826
4886,0.0450822951780227
4892,0.0992420350990296
4896,0.0025352602328392
4900,0.0133562582893383
4902,-0.0402406276900502
4906,-0.0735566358414929
4908,0.0003872167432547
4910,0.0560634069693131
4911,-0.0585537711184084
4915,-0.0339163243841468
4916,0.0566041848807982
4917,-0.0018237265286879
4920,-0.0206531457505624
4924,-0.0782167188029148
4927,-0.0550448047270039
4929,-0.0538483197362169
4931,-0.0527465262470883
4933,0.0373119143140821
4936,-0.1065181749335961
4937,0.0931043123043792
4939,0.0479033923642376
4940,0.0451735091102307
4942,-0.0973901064222885
4956,0.0391773730283231
4957,-0.0019352807057787
4958,0.0172361343576663
4959,0.0529059066135562
4961,-0.1517281700159738
4969,0.0662378286823092
4973,-0.0010627203647513
4976,-0.14373050039859
4982,0.0179351110969506
4984,0.0322948691734748
4986,0.0057284307380038
4987,0.0720930072057476
4988,0.083677628233868
5005,0.0389353769573741
5008,-0.0514400600392737
5009,0.0368326171038122
5010,-0.0525784531642602
5015,0.0240099678015864
5018,0.0213574913657543
5023,-0.1020091404901352
5026,-0.0121538537709661
5028,0.0484762698064776
5031,-0.0300207437643965
5034,0.1082979744643916
5036,0.0791471273263417
5037,-0.0757874177171549
5038,-0.0492099089033888
5044,0.0429529899717697
5046,0.0477257352976573
5048,0.0959988610242316
5052,0.0336340171906111
5059,-0.02109678347826
5060,-0.0591897005403127
5061,-0.0467090137043234
5062,0.0167561545112077
5066,0.0303750969246229
5074,-0.102549625181582
5078,0.0379014510024017
5082,-0.0028631010023699
5084,0.064356832229959
5091,0.0752546218186034
5093,-0.0582074804394594
5094,0.0079511100522414
5095,-0.0069871473061029
5098,-0.0307096356627865
5102,0.0610628466951008
5105,-0.0659641594358523
5111,0.0156684736482226
5113,0.0970054496098747
5118,0.0679848793829422
5123,-0.0763706566217592
5124,0.041733631256871
5129,0.0061019804922184
5139,-0.0658200689530574
5143,0.0054555338268805
5146,0.0554486760781841
5151,0.0528856510812228
5158,0.0885082158337468
5159,0.1062782350156284
5160,-0.0679988241336848
5161,0.0933825011757616
5167,-0.0730600900248975
5170,-0.0493936374336275
5176,-0.0735852166059118
5178,-0.0046722455462584
5179,0.012123376343023
5184,0.0691506762843082
5191,-0.0447110093418212
5192,0.021870720115302
5194,0.0298872065957085
5195,-0.0165343864143992
5197,-0.0766158602532176
5198,0.0902105528253212
5206,0.0719186261143264
5211,0.0158313023082173
5215,-0.0121154240675233
5220,-0.0905194039410079
5222,-0.0778755755480134
5226,-0.064158372686676
5229,-0.025982769259377
5230,-0.1286012073888603
5233,-0.0500881277272569
5235,0.02721372175566
5237,-0.1414497849008655
5244,0.0142998241461568
5246,0.0788429599823496
5247,-0.0820907811014738
5252,0.1163488265446485
5257,-0.00174390498662
5263,-0.0530664338554191
5264,0.0146801207955916
5267,0.0805226583734179
5272,0.0281955214892322
5274,-0.0063042044832114
5276,0.096023533246679
5283,0.1037432781525414
5284,0.0951323867998509
5286,-0.0659766387957277
5287,0.0134159148695246
5290,0.0457106198677146
5292,0.0040496684595783
5293,-0.0976208431632087
5295,-0.0671078989676867
5296,-0.0476216767695592
5304,0.0227456986060172
5312,-0.087291822226038
5315,-0.0336303758698016
5316,-0.058639586862006
5320,-0.1870357254294021
5327,-0.0001871618450625
5328,-0.1630915222958104
5330,-0.0691603158090345
5332,-0.0340888111792885
5337,-0.0841843773353356
5339,0.0575888416803014
5341,-0.0612559449623735
5342,0.0704210042909426
5343,-0.0170730839985726
5348,0.0134309519095277
5350,-0.0961480755810033
5357,-0.0461805752015436
5359,0.0620272547947243
5366,0.0343579538237611
5369,-0.0887590451980833
5370,-0.1720754195722686
5371,0.1208235545509487
5372,0.0787524617655268
5373,-0.0526353346528747
5378,-0.1240622772492063
5383,-0.0610051424563848
5387,-0.1257683671233931
5391,-0.0630766453160736
5394,0.1262716280848584
5395,0.0612869924462254
5397,-0.0210982849818514
5398,0.0554203687201099
5400,0.0012086019905732
5401,-0.0756791206374501
5402,-0.0611559754259256
5407,0.0416695905318116
5408,0.0691985598368403
5414,-0.0068958883531087
5415,-0.0904256332061961
5416,-0.0049600226562259
5417,0.0658982418870562
5418,-0.0562482636939166
5421,-0.0385252907650072
5422,-0.0730127208687419
5423,-0.0483671845197915
5428,-0.0004843298008814
5429,-0.0798321975542019
5430,0.0806181778234326
5431,0.0004457846784855
5432,0.0659672607177014
5438,0.0226167687043553
5439,0.0373029422607123
5443,-0.0194019994946909
5447,0.0366390799593703
5448,0.0838029608542775
5451,0.0076191887612791
5452,-0.0069644179982767
5456,-0.0751337458629558
5458,0.0869852358797908
5459,-0.0210462697566797
5460,0.0837567751104491
5463,-0.0305480966338408
5465,0.0710038891085333
5467,-0.1247175088577561
5470,0.023113363592356
5471,0.0606322308861385
5472,-0.0252003150659244
5474,0.0848432318245375
5479,-0.0766249811306263
5480,-0.0513004337271083
5482,-0.0138617038703855
5483,-0.0216642911186337
5484,-0.0030433320914024
5487,0.0904319513119943
5490,0.0041638206478504
5494,-0.0833053597757934
5501,-0.1022637192566997
5509,-0.0129087737626913
5515,-0.047790458905778
5520,0.0243934092346522
5525,-0.0584202715680682
5528,0.0062851411659927
5534,0.0470492332427283
5535,-0.0318334888186749
5536,0.1116802550901683
5540,0.0535348761526113
5543,-0.0587940754980557
5546,-0.0415903268814399
5548,0.0581417508697272
5550,-0.0429925824446308
5553,0.1751440501232833
5556,-0.0444993761673868
5557,-0.1075538394000665
5562,0.1160199042441297
5567,0.0594567199614101
5573,-0.0674572848067658
5578,0.0239190134353685
5579,-0.0294591784728584
5580,-0.0317362546399202
5582,0.074535316394694
5590,0.0890773113052053
5591,0.0626181880379794
5592,0.0700927639852421
5601,-0.0348938060035773
5602,0.1014814174011119
5607,-0.0516977947258988
5608,-0.0289779789035718
5613,0.0137767942565525
5614,0.0369407388604086
5615,-0.0962829668683422
5617,0.107419882705473
5618,-0.1127117020155953
5619,0.098811956704641
5622,0.0446840396127037
5623,0.0100209563507773
5629,0.1156268085508629
5631,-0.0386883193265911
5634,0.0915410998337957
5637,0.0304828558938332
5640,0.0139903731709085
5641,-0.1444843724212228
5642,0.0247160666555239
5643,-0.0463884321980066
5644,0.0663292946849263
5657,-0.1255582116454744
5663,-0.2223500209921888
5665,0.0361084158567194
5667,0.0678576707590833
5668,-0.0844441063236355
5669,0.0489361851446913
5674,-0.0138563780092071
5680,0.0176033465961201
5681,0.0102625365943609
5682,0.0362023470746571
5689,0.0174617307316845
5691,0.0426815157114087
5693,0.0734626689212973
5694,-0.0741349319859001
5696,0.0421964167226843
5699,0.0272371749624683
5703,0.0318714932045826
5707,0.0282281881382125
5711,-0.1468155529030479
5715,-0.116201765766101
5716,-0.0058600494946549
5718,0.0240064630386398
5720,-0.0116826010528415
5722,0.041710440627066
5725,0.0673586798614006
5727,-0.0071387575226886
5734,-0.0963026226682532
5735,4.712321267985609e-05
5739,0.0405626322603057
5741,0.0066160794936285
5743,0.0808430395634142
5744,-0.0820733301051431
5746,0.0529566638986547
5749,-0.1264889326812441
5751,0.0237020877438817
5752,0.033270951551686
5757,-0.0539953117898991
5763,-0.0694198921130057
5764,0.1097059977138408
5765,0.0348634715220193
5768,0.0948739430736979
5772,-0.0624935186174587
5773,-0.0261210642364099
5775,-0.0857916585112515
5777,0.0830439929325524
5781,0.0005563894643716
5784,0.0693620278526146
5785,0.1114331659037172
5789,0.1132991755206422
5791,-0.0580609316945087
5796,-0.01104884449371
5804,-0.0758898846858363
5805,-0.0744409548949434
5806,-0.0738626964927994
5808,0.0436282336584442
5809,0.0518689091774225
5811,-0.1560535347423826
5813,-0.0850600906469049
5814,0.0243422865723864
5820,-0.1154819558322214
5821,0.0345642144121078
5823,0.0550461922845306
5824,0.0021045811582151
5829,-0.0001729642862533
5831,-0.0048395485599935
5833,-0.1535192415281885
5835,0.0782699148620841
5837,-0.1010631597262503
5840,-0.2237551297999559
5841,0.0365570933023033
5842,-0.0097063599941122
5844,-0.0728028015037195
5846,0.026711930347455
5847,0.0273961385790476
5848,0.0613435826324636
5852,0.1238035269568366
5859,0.0580299109415313
5860,-0.0402264749422971
5866,0.0218102372188443
5868,0.0951596005054504
5869,0.027085263969365
5871,0.0182458685629696
5875,0.0949672173586373
5882,0.0119243226893441
5883,-0.0120988730787263
5885,0.0681513190246163
5886,-0.1039434559144536
5888,-0.0588514131700668
5890,0.0908034184004151
5891,-0.0618410810523131
5893,0.1155272353506501
5894,-0.0023498621896017
5904,0.0078078771147756
5906,0.0743750811797279
5908,0.0313582540397327
5912,-0.0062769297471847
5919,0.0181757802631633
5922,-0.0218109803324413
5929,-0.195868075012638
5931,-0.0609828016923621
5932,0.0183517830610025
5937,0.0088068756277543
5938,0.0696557002714243
5940,0.0116734309184543
5941,0.0099924909750427
5942,0.0645950677206637
5944,-0.1498755432740721
5945,-0.0414364347882977
5949,-0.0453299857293521
5953,-0.0119583472559318
5954,0.0878717269422776
5956,-0.0341521223340212
5961,0.021477993073012
5966,0.0663574007325936
5970,-0.0620447608564693
5972,-0.1745235801898742
5974,-0.0991612958684593
5983,0.015741855862401
5984,0.0330426071444118
5985,0.0194788999931848
5987,0.063346178752484
5991,-0.1406223201915044
5998,0.0484762698064776
6000,0.1015071920342941
6001,0.0187289935659932
6011,-0.0234999385587015
6013,-0.083607262407931
6014,-0.0922729833424556
6016,-0.099766682088516
6019,0.0243654864753049
6025,-0.0675316014356948
6026,0.1012305231534103
6028,-0.089460504742766
6031,-0.0544814361646038
6033,-0.0101498172375117
6037,0.0963820127090796
6043,-0.1860648006588925
6046,0.068855118583643
6047,-0.0597372187168765
6049,-0.0577750255037827
6050,-0.0459524136406665
6051,0.0058777413633496
6057,0.0105404876651897
6061,-0.0140100927813433
6062,0.1010753920976414
6066,-0.1437210225475522
6069,-0.1089410820081971
6076,0.0299059389910278
6080,-0.055557028540016
6084,0.0323889917375255
6087,0.0460975675891314
6089,-0.0450127928962589
6090,-0.0291102124051799
6093,-0.0600701546124256
6095,-0.1205353810742809
6098,-0.055623880963045
6099,-0.0451528664128647
6101,0.1105262970866186
6103,-0.0799466850612351
6104,0.0539241324159747
6112,-0.0876144425616104
6114,0.0679752263746929
6115,0.0731479414605838
6118,0.0274749394858629
6122,0.0500923563998825
6124,0.016649746939346
6125,0.0021692035314008
6133,0.0155120725309189
6134,-0.0635104249170062
6138,0.0583525855207757
6139,-0.0184345880294295
6140,-0.0339300011410098
6142,0.1100381262965694
6146,0.0903209047560087
6147,0.0630167171575179
6150,-0.0650347067623754
6151,0.0300874607625717
6152,0.0595570731321645
6157,0.1318956013167176
6160,-0.0527685927575122
6161,-0.0599714247502933
6165,0.0004304701049218
6169,-0.045059104491733
6171,0.0064291258370738
6173,-0.0917153909237615
6174,0.056013766780458
6176,-0.0510120370327987
6179,-0.0338830937939131
6180,-0.0656651841817037
6181,0.0178483906123746
6182,0.0735543244698639
6188,-0.1347116565720731
6190,-0.0705613287033526
6195,-0.0838513604117427
6197,0.0916260060851392
6199,0.0132656606874215
6200,-0.0458641400345744
6207,-0.1126150045455002
6212,-0.0038807383657977
6215,0.0148329505688483
6217,-0.1102896464182135
6223,0.0256948897428059
6225,0.167147023954803
6226,0.0193150373167856
6230,-0.0411890158111564
6233,0.1419195938875686
6234,-0.0032396911780752
6239,-0.0237062907450371
6243,-0.0021904405239876
6244,-0.132449016865674
6248,-0.0044641418258692
6255,-0.1146357774136385
6257,0.0955258893881238
6261,0.0744625219782962
6270,0.0957493449887794
6271,-0.0479344463497469
6276,0.0535823134439454
6279,0.0344783502171232
6285,-0.1286344267169507
6293,-0.0539217008100242
6294,0.015890962411043
6295,0.0187172705057814
6296,0.0631802053008896
6298,0.0887857394819994
6299,0.0920941950871642
6300,-0.102284786187458
6302,-0.1314934275535092
6303,-0.0317032742885169
6305,-0.0837028798095109
6308,-0.1299512577927301
6309,0.0336682078701515
6312,0.0717494040699819
6313,0.0116102457635195
6314,0.0235744949965597
6318,-0.0637744939094775
6319,0.0651422127765758
6323,0.0316770577586583
6325,0.0238552872026225
6326,0.1004603240646349
6327,-0.0658282392536009
6328,0.0731533058166102
6330,-0.1004782876230691
6332,-0.0638964800606158
6335,0.0774495310989382
6336,-0.0623143773213358
6339,0.0013936841583724
6341,0.0237174229766512
6345,0.0530015872380315
6351,-0.030800122102181
6358,-0.0251952544077443
6364,-0.0284851635297067
6366,-0.0140605482342255
6369,-0.0860958231696562
6378,-0.0682934926404216
6379,0.0053779177778315
6382,-0.0418244204859379
6383,-0.0240615275351368
6395,0.0534720340773206
6396,-0.105866399036994
6397,-0.1252263818282267
6399,0.0794993017014836
6405,0.0643294068944182
6407,0.0364886881280331
6409,-0.0642620577170166
6411,-0.030177968794713
6413,0.038264428542359
6418,0.0387952202042053
6420,-0.1034061385257345
6421,-0.0382651121011144
6426,-0.0656379753536279
6427,-0.1159231100978271
6428,0.0426491816668382
6429,-0.0297525863070501
6430,0.0258313334773106
6435,-0.1412342536412731
6437,0.0887910664207247
6439,0.0190600393936496
6442,0.0176081172923815
6445,0.0259586737117222
6446,-0.0110249966180304
6453,-0.0568096818001869
6456,0.0724981890233732
6458,0.0824266816766311
6460,-0.0017306832796516
6461,-0.0836049859443862
6464,-0.0129936846200236
6467,0.0475066736358023
6470,-0.0618098627923953
6481,-0.0742749810115771
6487,0.0296217790803328
6488,0.0385294800002024
6491,-0.0463938188059868
6494,0.0970542481010819
6496,-0.1390455133734114
6502,-0.1037264958545674
6503,0.0187856238688451
6506,-0.1238997799812123
6511,0.1241702475647916
6512,0.0444330425268406
6515,0.0222815998466247
6516,0.1343344077646597
6519,-0.0253744906749245
6524,0.1047838954688969
6525,-0.0484546620760183
6526,-0.0152964436750837
6527,0.0533629772944176
6532,-0.0189306230074818
6536,0.0127365619336638
6537,-0.0682361745470148
6538,-1.641547332290171e-05
6539,-0.0676312070312541
6542,0.0833165411611444
6547,-0.0275484438378823
6550,-0.0787986262932407
6553,-0.0163543546450077
6555,-0.0890400234245093
6559,0.0980042125819902
6560,-0.004677689600007
6561,0.0259264367613318
6564,-0.1394501530988807
6565,-0.0116829603576359
6568,0.0927576037475249
6576,-0.030250634008869
6577,-0.0633434607449749
6595,0.0826146762113254
6596,0.0567579830864049
6600,0.0081442195818167
6605,-0.0923287207610494
6609,0.0035521925991982
6610,-0.0060084830577677
6615,0.081601648919998
6616,-0.0461741947989225
6623,-0.0616721658497903
6624,0.0309847384466782
6626,0.0618945671701792
6632,-0.0624819983478591
6635,0.0884980961060824
6640,-0.0227491734899001
6643,-0.0226702798193996
6644,0.0405501114077648
6651,-0.1077717536875686
6652,-0.052168146696876
6653,-0.0536560700915713
6657,-0.0657881847635383
6660,0.0295315709920707
6664,-0.0146570476353687
6666,-0.0712182076710202
6684,-0.0631524168607197
6685,-0.039401253095863
6692,-0.0860373615011624
6694,0.0450681873540913
6695,-0.0911084703829287
6696,-0.018003916009002
6703,-0.0009279162782529
6706,0.121995369190507
6707,0.0296247853742584
6708,0.0018903350746784
6711,0.0985084554829513
6714,-0.0923105819715524
6717,-0.0377569647071679
6718,0.0308787075251647
6725,-0.0462633684923518
6727,0.0088815533751654
6732,0.037185935096444
6735,0.071632373320838
6739,-0.159012663991169
6742,0.0233611186456429
6744,0.0547704667748235
6746,0.0532095663141441
6747,0.0896263083283969
6748,-0.0216577474297976
6750,-0.123950761785515
6755,0.0600283325038751
6758,0.0345956139435526
6761,0.068043305261437
6763,-0.0158334492372128
6766,-0.0582291131227586
6767,-0.0465517255815693
6772,-0.0646076337846747
6774,0.0712013914920476
6775,-0.0754069560716517
6779,-0.0495928246083023
6785,-0.2006260138201079
6787,0.0747033049103729
6789,-0.0354611670797636
6790,0.0426676178297657
6791,-0.0076193054425548
6796,0.0641922581579951
6797,0.0816933379349879
6799,0.0354466019884883
6801,-0.1942104755943196
6806,0.0429394152322924
6809,-0.0609511908646319
6810,-0.1226630436629817
6811,0.0005900020851097
6821,0.0374129122279736
6827,-0.1137314781407342
6832,0.0661208736630314
6841,0.0385131182906593
6843,0.0714957053054997
6846,0.0478444255009546
6852,0.0350852525955967
6854,-0.0593287992981783
6858,0.0660071636172873
6860,0.0528309975562189
6866,0.000928196180917
6867,-0.011218005362609
6878,-0.0587491965906955
6880,0.0370039194102929
6882,-0.0550685235364752
6883,0.0604512372284125
6887,-0.0520294681023963
6888,-0.1060386327304713
6890,0.0942255602185315
6892,-0.1160538304536503
6893,0.0130978965371515
6895,-0.0126555964103618
6896,0.0146137009313818
6899,-0.0516660796121454
6903,-0.0260268733011695
6905,0.0201615501663266
6906,0.0841018578677962
6912,-0.0051445221298346
6913,0.1015917878882904
6916,0.0480374675318112
6917,-0.0827552121046798
6924,0.0926092728982027
6927,0.0643159151305222
6928,-0.0351728275913207
6930,0.0034716651969828
6931,-0.0612635935712641
6932,-0.0950704514072311
6933,0.0612678907321812
6935,0.0292040693066061
6937,0.0414510587780193
6939,-0.1808482919563399
6942,-0.0661750079966472
6944,0.0209470200596367
6948,-0.0400239673605057
6951,0.0626659587720773
6954,0.0664473070239939
6955,-0.1554537748607485
6958,0.0459708841272006
6967,-0.0180387775884341
6968,-0.0600883345625747
6971,0.0387596385885598
6975,-0.0434355165279105
6978,-0.0919932818427912
6979,-0.0139709937886345
6982,-0.0318806901688762
6986,0.0108719833527328
6988,-0.0154263589631453
6993,0.0265707294873613
6995,0.0135671660207449
6997,-0.0141405629672379
7000,0.1028850934836356
7003,0.0144381025831942
7004,0.0580278984472514
7006,0.0124604037655358
7008,0.0481854225601627
7015,-0.025313145084945
7016,0.0436182747791896
7017,-0.0041997958203906
7019,0.0143941153231454
7020,-0.0686409007034587
7026,0.0251621291771212
7030,0.0158209392912369
7033,-0.0054870387546038
7036,0.0094369435662765
7040,0.0389291196702278
7044,0.024143670687994
7047,-0.0272487363726467
7052,0.0312892901203122
7058,0.0760946362763653
7062,0.0285241515271569
7067,0.0493778258099945
7076,-0.1248738947543454
7080,-0.0584729630861498
7084,0.0281251024523149
7086,-0.2654150534099025
7087,-0.04815037952868
7089,0.072545419190545
7095,-0.1441125266120955
7102,0.0147013056416029
7103,-0.0628958962135699
7105,0.032581595794512
7106,0.0846194453183256
7110,-0.0732753709987569
7111,0.0139728954620239
7117,0.0576473826512745
7121,-0.1568579171687976
7123,-0.0604138348584376
7130,0.0124976344444215
7132,-0.073072296173911
7137,0.0297884395673182
7140,0.0823283507062012
7142,0.0167871658159221
7143,-0.1114533731447283
7151,0.0475653111149429
7153,-0.0117276030641278
7159,0.1114893381519123
7160,-0.161114415148634
7165,0.1190737220354637
7167,0.022199892719112
7171,0.042822081092079
7176,0.0295990839613174
7183,-0.0131915326892056
7184,0.16126827014483
7188,-0.0240473827568506
7193,-0.1626355745049674
7198,0.0312616622866028
7204,-0.1757507186467859
7206,-0.1326396348502976
7207,-0.162522887953245
7210,0.0730344944159079
7213,0.0109893779879309
7215,0.1004519097890894
7224,0.0863181168257995
7226,-0.0009732719526243
7227,0.0860045094963892
7233,-0.0401359639142946
7240,0.0368568694689301
7242,-0.1010610182213691
7243,-0.0790553911428755
7244,-0.0632851582222736
7245,-0.0621122462700299
7246,0.0255539842830944
7247,-0.0368333568036475
7251,-0.0109141528671415
7252,-0.1145419138346087
7253,0.019699921597676
7256,-0.0175833094269173
7257,0.0505835320268455
7259,-0.1665969032177239
7260,-0.0944313937354757
7262,-0.0642557502776985
7269,-0.0614882940187638
7270,0.1590112622831669
7271,-0.1485876097222937
7272,0.0620975314300338
7273,-0.0572255397078989
7274,-0.0458655761085536
7276,0.0693626291025616
7280,0.0195966135953506
7284,-0.142030648799551
7285,0.040512017211411
7287,0.0279556234898169
7289,0.0751036681223295
7295,0.0553745754694444
7296,-0.0740685442164303
7305,-0.1082518456230516
7306,-0.0620515149314897
7307,0.0448703457871303
7309,0.0102364217807397
7313,-0.0835394675966622
7317,0.049598489338699
7322,-0.0547310430491271
7323,0.0002277771121273
7331,0.0641165232233373
7334,-0.0340571734553675
7340,-0.0424442771305588
7346,0.0395528543899243
7349,-0.0725836278688113
7350,0.0718483120922908
7358,0.0952939534433973
7359,0.0546003383101404
7360,0.0238111243283057
7367,-0.0821145393061901
7368,-0.0327323334978624
7369,-0.0076430419516052
7371,0.0243408612980216
7374,0.0648243255999726
7377,0.0631602867673899
7379,-0.0096295187048857
7383,-0.0226631599816786
7386,0.0115360070381381
7395,-0.1105817805640958
7396,0.0269179554319947
7399,-0.0440711390815683
7403,0.0089940805153034
7404,-0.0175341292093444
7405,0.0556731208179576
7412,0.0270817411910417
7413,-0.0272511279480335
7415,0.0249592452869544
7419,0.1557320278052759
7421,0.0632545525377319
7423,0.0625756543439476
7424,0.0492369803817504
7427,0.0939342986332387
7429,0.0687299418364634
7431,0.0689642050644993
7432,0.1165949622597932
7434,-0.0119332544876321
7436,0.0305065175149273
7438,0.0425854422996617
7439,-0.0625920183067637
7441,0.0288060130205171
7446,0.0623924504993805
7447,-0.0604138348584376
7450,-0.0491105767428225
7451,0.0266667575644539
7453,-0.0438437977117657
7456,0.0130891779014402
7461,-0.1034843109614328
7463,0.0282784659965469
7467,0.0645003409466966
7468,-0.0579717451151763
7469,-0.0647916758814492
7473,0.0298375758105187
7475,0.0412420525595398
7479,-0.0701100654681497
7480,-0.064990377109311
7484,0.0753224359097738
7487,0.0650711828179929
7488,0.0055069398022279
7490,-0.0803826371394432
7491,-0.1024407304996315
7494,0.0958058247604856
7495,-0.0479016856010144
7501,-0.1101207746227244
7503,0.0522549581480548
7505,0.0726658593899267
7508,-0.044613135007548
7513,0.0425690870010508
7514,0.0358706143546965
7521,-0.0086321832522614
7527,-0.1122679352318812
7529,0.1093505818687269
7531,-0.0729442888290627
7536,-0.0132498571814756
7537,0.0298851440206997
7538,-0.1661969764438383
7541,0.0103651866747939
7543,0.0621809288341849
7547,-0.0421925525014528
7549,0.0278571610666528
7551,0.0480295705351858
7553,0.0953895042558827
7559,-0.0673915885306915
7562,-0.1168240678451202
7564,0.105314015108741
7567,-0.0668844673894921
7570,0.0551384236581799
7574,-0.0584729630861498
7576,-0.001583033291375
7578,-0.0367754059633679
7580,0.049637531079509
7584,-0.0532134943503261
7587,0.0553772040893861
7591,-0.0817786495793079
7596,-0.0288148786543934
7597,-0.0027079044119123
7598,-0.0112432128922136
7600,0.0460187772624599
7601,0.048082934462267
7607,-0.0366784495414671
7609,-0.059563738543302
7612,-0.0635217520830411
7615,0.1274395653326734
7620,0.0634918731754845
7628,-0.0622775977187417
7631,-0.0975385205053903
7635,-0.1866109052798296
7639,0.0503949863032196
7645,0.080543961598191
7646,-0.0837392779861784
7647,0.0111646411080333
7655,0.0254890512241504
7656,0.042144547509487
7657,0.0311612811580316
7658,0.019496434403276
7660,-0.0843253587735306
7661,0.0109561286407689
7662,0.031214772665276
7667,0.0386828407416084
7681,0.0040814063695255
7684,-0.0213946375444809
7685,0.0762280356113315
7691,-0.1096173600861325
7695,0.0586039259758489
7702,-0.0536877893190539
7704,0.0711228818765837
7711,0.0709417398216911
7712,-0.0533265378224975
7713,0.0289992736009622
7714,-0.1719697200509938
7716,-0.0251028812796454
7718,-0.174835002979528
7721,-0.0018995590875565
7722,0.0702862917452207
7724,-0.004316575980326
7728,0.0613761116754431
7729,-0.0758490915412321
7730,0.0267429590248724
7732,0.0372000647158676
7733,0.0369149358393758
7734,-0.1224131107944529
7736,0.0033678907233818
7739,-0.0702707747033965
7742,0.0974811815639765
7743,0.0324515622981377
7759,-0.0011475145517895
7760,0.0711396629289627
7768,0.0169411357733582
7770,0.0708654200058644
7771,-0.1005271789958308
7774,-0.0656328935838365
7775,-0.0986271316228432
7779,0.0124991149178083
7786,-0.0482693037570593
7787,0.0491200501972169
7789,0.0857811509457279
7790,-0.1042913681082229
7792,0.0696982453727328
7796,0.0196251915205896
7802,-0.1203407342032826
7803,0.0848106742013348
7806,0.0653420784040472
7809,-0.0906179807725358
7812,0.0266838220636696
7814,0.0665527039800043
7819,0.097584531853255
7830,-0.0484971630826737
7835,0.0715622434306577
7836,-0.0604624062574786
7837,0.0392743695281157
7839,-0.0494437891113166
7840,0.0392382403495932
7845,0.1200098151033194
7852,-0.0497915444467425
7855,0.0761692643319546
7862,-0.1354385451774948
7865,-0.0197399451048021
7868,-0.0761821769482497
7872,0.0900426646594282
7875,0.0622153097028348
7879,0.0725930248839663
7880,-0.03844081019338
7882,0.0085470492996753
7887,-0.0970225525255301
7899,-0.0581149913170313
7900,-0.0445867446134103
7901,-0.1020570446164644
7902,0.0202465224805097
7903,0.0817386713797764
7905,0.0159194395009395
7906,0.0367734431010202
7907,-0.0234685383796977
7908,-0.0894933965463276
7909,0.0414526563690576
7915,8.51924600812664e-05
7916,0.0273893932740325
7919,-0.0816700744940217
7921,-0.0128050786691302
7925,-0.0628103515993911
7935,-0.0041197750534441
7937,-0.0885975296869157
7942,-0.074272790193429
7945,-0.0515113220326299
7946,0.0491497580064903
7953,0.0542120132441753
7960,0.0203265464796023
7964,-0.0342441322496928
7969,0.0937951287359086
7975,0.0203265464796023
7976,-0.0404395388772683
7979,0.0271878098711515
7980,0.088587930336196
7986,0.0335260744723392
7988,-0.0690633304462319
7989,0.1453475514498387
7991,-0.0667306105258184
7994,0.0430812571764282
7996,-0.0973269882255212
7997,0.1085603632604532
7998,-0.0913513601718907
7999,0.0046448097745265
8000,-0.0601367102188074
8002,-0.0413052681065838
8007,-0.0010731675351582
8008,0.0313517164987473
8015,-0.017473948142272
8018,-0.0610333026775566
8019,0.0284588137108758
8020,-0.007318869928754
8021,0.0070257724777075
8022,-0.087990519196019
8024,-0.0392108895046379
8025,0.0493459565713228
8027,0.067085757687401
8032,-0.096175694040044
8033,-0.0373026435644387
8038,0.0267327456735685
8046,0.0878556536780721
8048,0.0277534241351343
8050,-0.0071135888050089
8055,-0.1415121630000634
8057,0.0951222155082803
8058,0.1236592235431788
8059,0.0454681601115412
8064,-0.0592767481205015
8066,-0.0644976873541644
8070,-0.0297693236889443
8071,-0.0904223840469173
8072,-0.0441363754498178
8076,-0.0314783165799749
8077,-0.0543172149043279
8079,-0.1517099172796615
8080,-0.0693914796997441
8086,-0.0238034032091219
8088,-0.0713809638552663
8092,-0.0377737298917584
8094,0.1062599263172447
8096,0.0663939033841534
8097,0.0851260371544186
8098,-0.062078301974482
8101,-0.0497288850422473
8102,-0.0132270115923441
8105,0.09258009119325
8106,0.0261708390452133
8108,-0.0365750209196239
8116,-0.0075219980954088
8117,0.0463732040191096
8122,0.0867540382087803
8124,0.0716057582807663
8125,-0.0575225137967535
8128,-0.0086485968556672
8129,-0.0298979670670019
8130,-0.0394573805166502
8132,-0.0091495026453434
8134,-0.0738728017391742
8138,0.0981888078902497
8139,0.0092004732553938
8146,-0.0575961245301312
8151,0.0693071405648045
8157,-0.0284815060439502
8159,0.1680294891296504
8161,0.0558888584581846
8163,0.0614401998979508
8166,0.0811201149346842
8172,0.0669086519476964
8176,-0.0421038652071568
8179,0.0849241363847838
8180,0.060856634742132
8182,0.1264953114704216
8188,0.0703543769181748
8189,0.1120681847058541
8192,0.0296818021681472
8193,-0.0594132520626685
8194,0.0283823279961725
8198,0.0510858203743724
8199,0.0266882811928538
8200,-0.0133019925236344
8201,0.1014163788283766
8212,0.0345456226100992
8220,0.0513497261282056
8224,0.0172042032544071
8225,-0.0245785915648152
8227,0.024227764941162
8230,-0.0400795252382384
8238,0.0735629139147528
8241,-0.0502729340526169
8249,0.0684417149716224
8250,0.0327416789982508
8251,0.031794907945757
8255,-0.0623153484847501
8257,0.0479657889927503
8258,-0.0713809638552663
8261,0.1037871603213832
8262,0.1145361284308737
8267,0.0485989425548466
8269,0.0249832226015612
8274,0.0606743103588073
8275,0.0462410389174702
8280,0.0498745830735592
8281,0.0106670804455394
8283,-0.0538396611193769
8286,0.0624808436288655
8291,0.121404906355617
8292,0.0404148344405029
8298,-0.1433255935321982
8300,-0.0804410570359922
8303,0.154947446580144
8305,-0.021120510926063
8326,0.0250411534415199
8331,0.0153451995467733
8334,0.1131631624009777
8336,-0.0507349509739394
8339,0.0104291228859226
8340,-0.1136128991640751
8347,0.03736728590572
8348,-0.0546009444320669
8353,0.0481916211537151
8354,0.0372650598635567
8356,-0.0066919956793085
8357,0.0664533076426353
8368,-0.0439140820272363
8371,0.0148694132072656
8373,0.0197557167836846
8375,-0.1017598347819133
8377,-0.0438679552935565
8383,0.0254127362388132
8385,0.0173717129401778
8391,0.0554842129365995
8392,-0.0246309776639753
8397,-0.1058481603589325
8398,0.0494103150037461
8404,0.0352638581270388
8405,0.045821401345785
8408,-0.0543948875924189
8413,-0.0263453843831284
8414,-0.0044647997888863
8417,-0.0100572233734907
8418,-0.0805567377477263
8421,-0.0948209649743414
8426,0.0885010092755824
8431,-0.1410408485024853
8434,-0.0458449582146153
8437,-0.0432811231228207
8445,-0.0886861614027081
8450,-0.0524726474057472
8454,0.0404610124696088
8455,0.0208384215171742
8458,-0.017473948142272
8459,0.0551922736779126
8462,0.0606773353166282
8467,0.0239267754215783
8468,0.0284255006244937
8471,0.0683714028068475
8472,-0.0188629334258423
8475,0.0252350818276823
8481,0.0544357475317259
8488,0.0374447622356796
8497,0.0716057582807663
8500,-0.0759942474857895
8501,0.0481926378656304
8503,0.0461042829976972
8509,-0.0586157778629347
8513,-0.0672602937063138
8514,0.0150157715762031
8515,0.1060412858069232
8516,0.0456168019487733
8520,0.0421428336749485
8522,0.0818189505424275
8523,-0.1523579238702249
8525,-0.0787913962335418
8526,-0.0748476993015895
8535,-0.0537824383200173
8542,-0.0608009699863178
8547,0.0232653486071345
8548,0.0690751031836278
8551,0.0619325711460798
8553,-0.0331385222320559
8559,-0.0025713206889275
8565,0.0053068044108527
8570,-0.0078364428633565
8572,-0.0549058300787804
8578,-0.0472245815336438
8581,0.0005531428532909
8583,-0.0809026093641497
8585,-0.0658213841847976
8586,-0.1250816848003193
8587,-0.1077868248175608
8594,0.0792864152216532
8597,0.0042864933962194
8607,-0.0801535220207241
8614,0.096087032567057
8615,0.0421616466254869
8618,-0.0232435166137948
8619,0.0397362897028968
8621,-0.0099208213233518
8624,0.1413310137854783
8626,0.0245458985547677
8632,0.0252885465099748
8634,-0.0155641767733839
8636,-0.011255438861325
8638,-0.0670760829736191
8641,0.0331533204419854
8645,0.0110070078537114
8652,-0.0702176426261612
8653,-0.1226942010862591
8655,-0.0046161477036709
8656,-0.1272291192894954
8664,0.0307470957696424
8666,-0.0253250568533261
8670,0.0037889159279668
8671,-0.0740832991711918
8673,-0.021009569797389
8675,-0.0180815037040824
8678,-0.0973269882255212
8680,-0.0500866914817781
8697,-0.0759174895742878
8698,-0.0265638416002786
8700,-0.1030778715215641
8702,-0.0228632141793017
8705,0.0014789478654129
8706,0.0026484308436994
8708,-0.0107436944677577
8716,-0.0049672712391673
8722,-0.072686305647239
8724,-0.0583185717277098
8725,0.1222574781895113
8729,0.1031760055849725
8730,0.0150005785546493
8733,-0.0914878345601281
8734,0.0761490217903729
8743,0.0632527752422342
8744,-0.0502729340526169
8747,0.0415465200763978
8750,-0.0773915741417386
8751,0.0973222795596307
8752,0.0683592883511431
8753,-0.0537570987333438
8754,0.0992090076097673
8755,-0.0194953034484943
8757,0.086361805756141
8758,0.0483914600729377
8763,-0.0442367672335155
8765,-0.0679551656719144
8766,-0.0573989481664786
8770,0.0852962038480576
8771,0.0503353443722777
8772,-0.0667471956084082
8774,0.0847405176953462
8777,-0.0911744083582094
8779,0.0735822193285549
8781,0.01655042028889
8783,0.167269696703172
8784,0.0938974304104196
8787,0.0573061010159473
8791,-0.0728442304465215
8795,-0.079176340496443
8796,-0.0144468799401109
8799,0.0264638761488009
8800,-0.0525780589005312
8803,0.0572871003690557
8805,0.0069297411691175
8811,0.0313322871157543
8813,0.060974930599284
8815,0.0341692255837575
8819,0.0423894808858372
8820,-0.083484589659562
8823,0.0490214400292032
8826,-0.0824289044675011
8832,0.0655118499319152
8834,-0.0555316534617319
8836,0.0475855375832973
8837,0.1229424678079274
8838,0.0131661131731373
8839,0.0278846339100285
8842,-0.1674043905809329
8849,-0.2049792684964297
8852,0.0200278809837526
8855,-0.0567452678514513
8858,0.0795750843500907
8862,0.0155510174878593
8864,0.0221745051007964
8866,-0.0550176251398391
8867,0.011574503285451
8869,0.015327805202322
8878,0.0086661003307099
8879,0.0272685071535433
8885,0.0311590628705208
8891,0.0893246529907752
8892,-0.0078670853142137
8898,0.0404092971895981
8900,0.0881014805981741
8901,0.0451086054839129
8902,-0.0507723808225954
8905,0.0993090988027457
8906,0.0229578034403634
8907,0.0720905481634344
8908,-0.1024273084110531
8918,-0.0326477073283073
8922,0.0912299259177279
8924,0.0192255448410594
8926,-0.1651732522373081
8928,-0.0518781293391234
8932,-0.0567015390611718
8934,-0.0849420683521513
8941,-0.0651575654772122
8942,-0.0493782019134602
8943,-0.0492934563349215
8950,0.0693071405648045
8952,0.0494541165813473
8953,0.08506959531694
8954,0.00378900311821
8957,0.080501258378455
8958,-0.0212476119338435
8961,-0.0800137775838623
8962,0.04529104327517
8967,0.051735673633651
8974,-0.0781347030602377
8975,0.0263631826014802
8976,-0.0583967576309828
8978,0.0546833744424568
8979,0.062851789651799
8980,0.0130620151028559
8982,0.143764659520585
8983,-0.0301580743250426
8985,-0.0627451419649427
8992,-0.0654576834059593
8998,0.0790970799405692
9002,0.0208920297539562
9007,-0.0531985791230722
9010,-0.0374431260199642
9013,-0.0566137311490286
9019,0.0760331898998437
9021,-0.0607979265282253
9022,-0.0049918682914522
9024,0.0646847317626265
9026,-0.0569500622586773
9027,0.0387753231760984
9034,-0.04627598968083
9038,-0.1115246822120137
9039,-0.0719845248782829
9043,0.0256688287417528
9044,0.0036895435335235
9045,-0.0775463163939484
9046,0.0419778454558297
9047,-0.013640917414057
9049,0.0529264644361626
9053,-0.0641235510963727
9056,0.0781278870049845
9061,-0.0658112336470046
9062,0.0027665171524218
9066,0.0205229848474536
9068,0.0122409575321973
9073,0.0504336382018146
9084,0.0583467414831675
9091,0.0480506700720608
9093,0.0553465394611237
9094,-0.0026926817017524
9098,0.1079635009002248
9099,0.0121747880817531
9105,0.0109165809153254
9106,0.0346137264459333
9107,0.0648907028992468
9108,-0.0038566660200526
9109,0.030409206990655
9120,0.0185314064440755
9128,0.1120872645114779
9130,0.0187208782320019
9133,0.0507007253404114
9138,0.130669056306466
9139,0.0692678616094899
9140,0.027350829553741
9143,-0.0497430259868858
9145,0.0698777064617997
9146,-0.0279322868255332
9147,-0.0605960248046234
9148,-0.0870655751921593
9150,-0.0942265615837314
9151,0.030845238141345
9154,-0.0075956863275383
9156,-0.0283579771066194
9162,0.091567463511735
9163,0.0182660337577885
9167,-0.0142575383051758
9168,0.0176250055752332
9169,0.0681290686190148
9171,-0.0399183179883941
9173,0.0632441993860547
9174,0.0599187788047951
9175,0.0144467757072362
9176,0.0336469194533146
9181,0.0977714545304581
9184,-0.168650709364434
9186,-0.0170188106750808
9188,0.0345156754231528
9189,0.0339369106093853
9190,0.058868506965228
9191,0.0301617518232289
9198,0.0401727362780524
9206,-0.1219991306196729
9207,0.0696023130479894
9208,-0.0658112336470046
9209,0.0653706777208881
9210,-0.0662330450834385
9211,-0.0280470431305329
9212,0.0669211529327208
9213,-0.1039389493995402
9216,-0.0998243492490951
9217,-0.0905728020785802
9219,0.0583206330559176
9221,-0.0645161346263014
9225,0.0561731843717615
9226,-0.0721523098737521
9227,0.0062482596830437
9228,0.0264456386204856
9238,-0.0957732082001852
9242,0.0509631268585474
9243,-0.0282699504370385
9247,0.0865100825308489
9249,-0.0783093596344973
9250,0.0258463177857054
9258,0.0534194970197661
9259,0.0107227328530944
9261,0.0783527465810525
9264,0.0427333407136724
9265,0.0886470984488319
9266,-0.0587853293286245
9267,-0.0390353594129404
9271,0.0644747124591058
9273,0.0731084998851054
9276,0.0417561378355748
9278,0.0495132087048135
9281,-0.0392039110925853
9282,0.1244723704560811
9290,-0.0069107984950305
9293,-0.027056957777306
9296,0.147155507523011
9300,0.0367698288397485
9301,-0.0903838598835137
9305,-0.014824396972712
9306,0.1166560287085566
9313,0.0403274347083804
9317,0.0615057357570123
9318,-0.0096451848993913
9322,0.0970130055715461
9329,-0.1030640754270597
9330,-0.0504053871430883
9332,0.1116225805823293
9335,-0.0026905476227057
9337,-0.0545551828617487
9338,0.0515651966851739
9343,0.1027067467247425
9344,-0.0331972496021385
9346,0.0396761257617691
9347,-0.0380629618854552
9348,0.0116319710114952
9349,0.021047513204881
9350,0.0103347092458108
9352,0.0466193066024613
9357,0.0169789291939557
9360,-0.1535723603167372
9364,0.0455680145306624
9367,-0.0496632936952351
9368,0.0432605925818161
9370,0.0697535957353228
9371,0.0697783730197933
9372,0.0258463177857054
9379,0.06860952752127
9380,0.0575393091244431
9381,0.0211461298850336
9382,0.0446863082815037
9386,-0.0557653329732551
9387,0.1497000896490913
9388,0.0784823382343107
9394,0.0519134864164637
9403,-0.0819308628460035
9406,0.0715166033194184
9408,0.0787334035116563
9410,0.0192255448410594
9412,0.0825826535308826
9413,-0.0017929179049136
9416,0.0203361542132103
9418,0.0201959756036187
9422,-0.0506669932215375
9423,0.06022535084839
9424,-0.075142188319181
9426,-0.01661930302417
9437,0.0699827167822469
9449,0.0033581942776558
9451,-0.1304661431406616
9452,0.0180838920211928
9455,-0.1149512471424073
9459,0.0472852896463765
9460,0.0254712010438861
9475,-0.0074447349893954
9476,0.0553465394611237
9478,0.0299599761502724
9482,0.024884680720937
9484,0.0839099753459623
9485,0.0628567118044162
9486,-0.008312288624923
9488,0.0267494473797615
9490,-0.0551875448128905
9497,-0.1413665556674016
9498,-0.0545850680665219
9504,0.0227109375017727
9505,0.1041650665629662
9508,0.0135603478193731
9511,-0.0575982981002348
9513,0.0702451271127626
9515,0.0456872546670865
9517,-0.056803670871691
9520,0.0575411872919637
9523,-0.0414050669385624
9532,-0.0592791931012167
9533,0.0238734154137184
9536,0.0383535655560224
9539,0.04062664931306
9542,0.0691412759883295
9545,-0.12593501710191
9548,0.012814229499642
9549,0.0240128350087864
9552,0.0696073266223736
9567,0.0300846010298406
9568,0.1208761340124406
9570,0.0552099472566111
9571,0.0801177144107348
9572,-0.0697250910192771
9573,-0.0131658732255898
9580,0.0084751265513211
9581,0.1221107596736053
9583,-0.1627110297311285
9584,-0.024692864535693
9585,0.0854458372231271
9586,-0.0616872706012901
9590,-0.1228084438019175
9594,0.0610837182893052
9598,-0.003026454861955
9599,-0.0465365718612321
9605,-0.0028282210981815
9608,-0.0446005848580891
9615,0.14725666372513
9616,0.0342021437673594
9621,0.0301891637410859
9623,-0.1043480918718686
9625,0.0658916198633335
9628,0.0257163780514315
9629,0.1079134934407901
9630,-0.0483460719054508
9634,0.0024317002173996
9637,0.0206911086131958
9640,0.0946150560306547
9641,0.0835980099572218
9642,0.002236205628119
9643,-0.0331791789862333
9644,-0.1285519442655637
9647,-0.0794338581741738
9648,0.0485669852658654
9658,-0.0311331141695227
9663,0.0208817404614858
9664,0.0348927586781121
9667,0.0222342425454697
9669,0.0505782784053461
9670,0.0286866115442404
9675,-0.0443479290627268
9676,-0.0233715239586432
9680,0.0236890924886014
9681,-0.0756958264046981
9685,0.0345323918290104
9686,0.0224885925328181
9689,-0.1510310614758161
9692,-0.046442091466805
9694,0.0074240373194222
9696,-0.0891068071377434
9697,0.0323237957610113
9698,-0.0630700184136725
9704,-0.0786638644819293
9709,0.032399251605887
9712,-0.0819506573567741
9716,0.0789467944626971
9717,-0.0614609470957083
9718,0.1536600942710084
9721,-0.0512748676344343
9725,0.0660845542147962
9727,-0.1115774455927392
9729,0.0492442406402374
9737,0.0730677813420872
9738,-0.0424398654139393
9741,-0.0073930967444722
9742,-0.081538047180159
9744,0.0529460448080631
9746,0.0814487697522926
9751,-0.0501423082288156
9758,0.0319071388926475
9762,0.0036895435335235
9767,0.0491551221477541
9773,-0.0530922962198128
9778,-0.0571608686099856
9780,-0.1384983726211265
9783,-0.0743862075255295
9787,0.0175657845544667
9794,-0.0420290285021606
9797,-0.1106462696159756
9798,-0.1472623622347424
9799,-0.0778710889341101
9802,0.0250742788039605
9803,0.1198910367530073
9804,0.0396559136493009
9805,0.0702451271127626
9806,0.0632527752422342
9807,0.0245359834373318
9816,0.0567966371145148
9817,-0.0631994711765437
9818,-0.0060490660248796
9822,0.0206256996133195
9823,-0.1305272772393991
9831,0.0672706127767726
9834,0.097255355481406
9836,-0.0489370562916511
9839,-0.0552903113067536
9840,-0.062598537067359
9844,-0.0078420677109683
9845,-0.0153773065787719
9848,-0.0623073030958144
9853,0.0602232750250064
9855,0.060713852516473
9856,0.0758648546017618
9860,0.0093525229197965
9862,0.0253021153502265
9864,0.0682592300801227
9867,0.0141345276202205
9868,-0.0288070665773487
9872,-0.0446376731809354
9873,-0.0545063014270433
9874,0.0609695095925606
9877,-0.0405930940257856
9882,0.0327586703010347
9883,0.035031702237549
9890,0.027570105394607
9891,0.0604756943846866
9892,0.0574823502899694
9898,-0.0634456644248284
9899,0.0389162353773722
9901,0.0345317578231355
9902,-0.1315015882827279
9913,-0.0524303117334861
9915,0.0220896038086649
9916,-0.0741841106581043
9917,-0.1488202702924077
9920,-0.0131020103920453
9925,-0.0122440605503208
9927,0.0742159297088983
9929,0.007662778230946
9932,-0.045063377617829
9934,-0.0077192885231823
9939,0.0727432466646673
9940,-0.0889642242857682
9941,0.0731344407045575
9945,0.0466749845516479
9947,0.0839116656015035
9949,-0.1402612379818074
9953,0.0406501728293784
9954,0.0758119481398143
9958,-0.0977821302873059
9959,-0.1335097826121255
9963,0.0466577898242357
9976,-0.1338313108055152
9983,0.1254639066681127
9988,0.0319779576325386
9992,0.1071169767496948
10008,-0.0327850259748383
10012,0.0887650625300439
10013,0.0246534987306604
10014,0.07258548296347
10015,0.0231796216581169
10020,-0.0883468068916433
10025,-0.086023760557605
10026,0.1191600635922402
10029,0.0609388187931117
10032,-0.100210614667557
10033,-0.0093142469250902
10040,-0.0017543601721214
10042,-0.1172028950137081
10043,-0.0436138828348721
10047,0.107474615835469
10050,0.1010324447345797
10051,0.0286394172823998
10053,0.0942349140203033
10057,0.0786841799967171
10058,-0.0610643607788642
10064,0.0557368168892263
10065,0.0658916198633335
10066,0.0362302901068806
10067,0.0258024669181751
10070,-0.0435588534540107
10076,-0.0212252913057026
10079,-0.0364840769146186
10080,0.0097764189105443
10082,-0.0846680145519724
10083,-0.0083042709431073
10085,0.0578916305237076
10089,0.0521217636765551
10091,-0.0692020565471398
10095,-0.0349327862821311
10096,0.0131433510511753
10097,0.0628680976881947
10101,0.090592384135769
10102,0.0500397954911569
10105,-0.2889411422998077
10106,0.0081250751398712
10110,0.1053553398486615
10111,0.0240783848376208
10112,0.024884680720937
10124,-0.067027249093937
10128,-0.1224464544569736
10130,-0.165307964812418
10132,0.0088502190427444
10135,0.0648883856866797
10148,-0.0937969857169762
10150,0.0936362638051288
10152,0.103653240515383
10158,-0.0383201267483449
10159,0.0436386275509591
10160,0.0165430061589317
10163,0.0381572531065865
10170,-0.0640890957163579
10173,0.0230255872450004
10175,-0.0514999267803819
10180,0.0083272066159139
10181,-0.1150716801656921
10186,-0.1525686214896446
10187,0.0846408411243677
10199,0.0037778314065518
10201,-0.0791335090953924
10203,0.0553139055098505
10204,0.0353848017548708
10205,0.0893442859575321
10206,0.0182615159511487
10209,-0.0605987734511991
10210,0.0849766999465526
10216,0.036355315715003
10217,0.0553316845788514
10218,0.0542505773982968
10219,-0.0904236100256024
10221,-0.1032411409692636
10224,0.016112432442021
10225,0.0573373341456744
10231,-0.083484589659562
10234,-0.075804256179532
10235,0.0642031218902304
10236,-0.1022344043459076
10241,0.027612877414441
10243,0.042078179502247
10244,-0.0055337985678849
10245,0.1045960440020431
10247,0.0019469600426852
10255,0.0335715922941586
10257,0.0425000610983986
10261,-0.0533724556427534
10262,-0.1593700380913425
10267,0.0156409633762992
10271,-0.0390880287531907
10274,0.0613514619551131
10275,0.1115171046551697
10276,0.0809082649963596
10277,0.0001059712512333
10278,-0.0032006018827833
10280,-0.001786074868936
10286,-0.0810276797290518
10296,-0.0159016775415174
10297,0.107058807475242
10301,0.0257962304520955
10302,0.0236971677449287
10303,0.0795336350529952
10305,-0.0298893882823091
10306,0.0094290430362583
10311,0.0557842871439459
10312,-0.1009776472730934
10313,-0.06881233107747
10316,0.0699547374953008
10317,0.0630113858013964
10319,-0.1068589359852641
10321,-0.1063481868314706
10323,0.0726388206462202
10325,0.0803650479690215
10326,-0.1384441857731081
10327,0.0276520485268432
10329,-0.0701108832837379
10331,-0.0547198467335899
10334,0.0357031666078332
10336,-0.0608636124562578
10337,-0.0071430022555493
10339,-0.1238525521472009
10348,0.0240097293216764
10349,0.0157329910273934
10368,-0.1366574307821235
10372,0.0669211529327208
10374,0.0820177591794444
10380,-0.1304661431406616
10384,-0.0959854507850797
10387,-0.0363231494856319
10391,0.1052886396433352
10396,0.0415634116282218
10405,-0.0660227708584877
10409,-0.0910941705064945
10411,-0.0582086049614191
10417,-0.0100350387661128
10419,-0.0823489706486476
10420,-0.0505064349094965
10422,0.0099923170217484
10428,-0.0077143902447279
10432,0.0355575613715482
10433,-0.1238319981243762
10435,0.0164162747735226
10437,0.0001673778616191
10446,-0.0783277331828007
10450,0.12189134012793
10452,0.0300252109191934
10462,0.0973514846110846
10463,0.1667888822073152
10464,-0.0026905476227057
10477,0.1378074553813191
10478,0.0207138533573072
10480,0.1222119583965151
10481,0.06593362541608
10485,0.0600431907150247
10487,-0.0609353231104865
10488,0.0468881059810862
10490,-0.0577622330307869
10491,-0.0770351087822314
10492,0.0157705596373922
10495,-0.050802376071548
10499,0.0337163317225963
10506,0.0558445857543162
10509,-0.0762741113399485
10510,0.0168794589683477
10515,-0.1184579062112426
10518,-0.1168861370464254
10523,-0.1264331109302435
10527,0.1126109530252524
10528,-0.0826684291165645
10536,0.0975572394741827
10541,0.0654082785160646
10543,-0.1162976167111642
10545,0.0883404067831434
10547,-0.0223511914685621
10548,0.0139869660967851
10552,-0.0257183378768237
10555,-0.0129125461285286
10558,0.0858262586169311
10563,-0.0530367583957306
10571,-0.0701641187348071
10572,-0.0133796738613222
10575,-0.0538112369273286
10581,-0.0169040984896704
10584,-0.0680738008362897
10591,0.062343822523897
10592,0.0109690154440522
10595,0.0296012893714721
10601,-0.043099495146928
10603,-0.0915688536739591
10606,0.0231408200058156
10609,0.0532679553348464
10618,0.0764377976400445
10622,-0.0142928973207868
10623,0.05779217616967
10625,-0.0644385165630439
10626,0.0783477108833318
10627,0.0354198129557544
10630,-0.0080196240970455
10631,-0.0392837415250238
10632,0.026580354257286
10637,0.0816634137847729
10641,-0.0925809734441375
10644,0.036856651914208
10646,0.0576485123158867
10651,-0.059461427497268
10653,0.0339001878430812
10665,-0.0364772735812234
10668,0.0667668347079794
10672,0.0342134585754161
10676,-0.0643009112118317
10677,-0.0431420188303031
10679,-0.0219462418733789
10680,-0.0672401578499635
10681,0.1262640396608027
10686,0.0922095424866107
10691,0.0176490868492718
10694,0.1109228090420479
10697,-0.0556667566977242
10699,-0.021009569797389
10702,-0.0263304482641432
10705,0.0672140912610875
10708,-0.0044036048910107
10709,-0.148972151670812
10713,0.0032105338138265
10716,0.0489653741116684
10720,-0.0470904845472991
10721,0.0227738301923814
10723,0.0009092876443136
10724,0.0244014133497604
10725,0.0357786450175975
10735,0.003891733506675
10739,0.0486887100765317
10744,0.0012333549807628
10746,-0.0438679552935565
10747,0.115480527615302
10749,-0.0978474181039193
10750,-0.0446897507750969
10753,0.0002904855708097
10756,0.0305457550928369
10757,-0.0817168412613819
10763,0.022537975990785
10767,0.0272146798320057
10768,0.1238033849554744
10770,0.049534601225479
10773,0.107058807475242
10774,-0.0643769510011443
10776,-0.1262295999580703
10778,0.0806453311217869
10780,0.0155669410805653
10782,0.0216225457259478
10783,-0.0370015875145123
10784,0.0442916455571615
10787,-0.0665754716785975
10788,-0.0020813093778177
10789,-0.164105811075186
10792,0.0455509956788748
10796,-0.0893931021649997
10797,-0.0501420534351012
10798,-0.0007939080896136
10800,0.0411771829407809
10804,0.0793462953323318
10808,0.0492265087989064
10809,-0.0705743496663702
10811,-0.0259124975063417
10814,0.0459446574944981
10817,-0.0709701032553507
10821,0.0566665249850165
10822,-0.0800058430895483
10823,-0.0684389760106653
10826,0.0886894576000785
10828,-0.0086160553565191
10832,-0.0851578677262288
10834,0.043727817624761
10835,0.0310359272904361
10836,0.0315364315255293
10839,0.0758556511829258
10846,0.0479604378873695
10847,0.0248975890595073
10848,0.0254712010438861
10851,-0.0738460178191116
10859,0.0804486466014846
10860,0.0292181912127638
10862,0.0062246532405874
10866,0.0540133349218545
10869,0.1066220425526103
10872,-0.1148636927866471
10874,0.0658794808970176
10875,0.0697660255465247
10877,-0.0790901547959704
10878,0.0672706127767726
10879,-0.0945412374550908
10883,0.0292350527517443
10886,0.0750672730622011
10887,-0.1071632474009086
10890,-0.0510300219877182
10892,-0.0890620934094005
10894,0.108437686701265
10895,-0.0652358735503619
10896,-0.0278223472847526
10905,0.0894314172268826
10906,-0.0530469880821241
10909,-0.0449081340964014
10919,0.0315154250782402
10920,-0.0277940268081376
10928,0.0157770481634843
10931,-0.1963399530082098
10936,0.0242260409880304
10937,0.0038907610833179
10938,-0.0359239056420265
10944,0.0778883760231143
10945,0.0359035591855315
10950,0.1053394652687771
10951,-0.0494141517057963
10955,0.0342188799335455
10960,0.1108631076617139
10963,0.031441525582769
10964,-0.055007287512997
10965,-0.0027160372749024
10966,0.016219837223048
10967,-0.0001257929244893
10968,0.0258748072583412
10970,-0.0603524790160136
10974,0.0265621890723979
10978,0.0885003131764271
10979,0.0037778314065518
10982,0.0637452964202683
10985,-0.1372943657496056
10988,-0.0385637688723196
10993,0.0375443265984252
10997,-0.1372310168999065
10998,0.0270258775948686
11000,0.10862019620142
11002,0.0264204975865527
11006,0.067176000608794
11007,0.0735822193285549
11009,0.0683549172434441
11017,-0.017043694434583
11019,0.0537453872025346
11020,0.0480915289623946
11023,-0.0092085164949926
11031,-0.0724919994449954
11032,0.0165865250934057
11034,0.0725570175877355
11039,0.0971992191885879
11041,0.1054856661848314
11045,0.0189611994340487
11046,0.0052783390351182
11048,-0.0844543905325611
11050,0.0386510312149054
11051,0.0536575489009803
11056,0.0718222951811935
11061,0.1251463650272383
11062,0.0656550402836193
11064,-0.0402904005136997
11065,-0.0333447573865344
11067,-0.1448704792255439
11068,0.0743698256207399
11069,0.0117126875133689
11070,-0.0730268030698403
11073,0.0276501209457118
11074,0.1057104750888562
11076,-0.0654576834059593
11077,0.0589059284965119
11078,-0.0592050794106815
11093,-0.0560669071156872
11098,0.0258463177857054
11104,-0.1230383707459744
11105,0.0629594249538726
11120,-0.1032599790868936
11127,0.1024700920877068
11128,0.0046952173474305
11132,0.0307840146329685
11134,0.0242632722894487
11148,-0.0867161992372263
11149,0.0553908870045717
11152,0.013401162243151
11157,-0.0028823780812112
11163,-0.036369198060655
11165,-0.0854675007858396
11167,-0.0475089834814419
11168,0.0240372863350478
11170,0.0799550012211868
11180,0.0631004382849762
11184,0.0362798383349745
11185,-0.0122227010091444
11186,0.0203265464796023
11187,-2.192105247747127e-05
11191,-0.0820822245422817
11198,0.0062829080826605
11199,-0.0289569445921081
11204,0.0243497154974396
11205,0.1041187068919798
11209,-0.0274156921085582
11210,-0.0611229575070165
11211,-0.0647657171711344
11216,-0.0365932877899564
11222,0.1312325977658857
11229,-0.0327850259748383
11231,-0.0431470075787967
11238,0.0137810734866081
11240,0.0101891685527601
11243,-0.0343685494392805
11250,-0.0081832957286258
11251,0.0510936712017987
11252,-0.1205458852471466
11255,-0.0555543773014354
11256,-0.0061542569988157
11257,0.1081263529549474
11258,-0.0416830296283503
11260,-0.0390672529988101
11263,-0.0025518411051054
11265,0.0165422132851234
11266,0.0641140688376515
11268,-0.0133078719660009
11269,-0.0667246636224877
11271,0.0760276307006169
11275,0.0825081140432171
11276,-0.0904628024860696
11282,-0.0145621637032608
11285,0.0161783042001564
11288,0.0315364315255293
11295,-0.0455165020113871
11298,0.0887594427349137
11299,-0.0566959571445868
11305,0.0107789074398496
11307,0.0120759601306241
11309,0.0694849990944676
11311,-0.0566959571445868
11312,0.0890201487077158
11317,0.0537802443316412
11318,0.0197549384895808
11321,0.0634489903366005
11325,-0.0458053165436486
11326,-0.1140687259065743
11327,0.0507258872699832
11329,0.0196629410532848
11330,0.0163941529540185
11331,-0.1413188168743661
11338,0.0705361293646027
11340,-0.0168056911716615
11341,-0.1033431520306961
11342,0.0397131630880127
11343,0.0605534235313938
11346,-0.119241844574338
11354,-0.0096217041734967
11359,-0.0231254600460212
11370,-0.0538112369273286
11377,0.0618787813324566
11381,-0.0323433796133712
11382,-0.1107999146429828
11383,0.1073905630889458
11384,0.0673141266476793
11385,-0.0025687459469204
11390,0.1158400690372328
11392,-0.0706709083856863
11397,-0.0403197265138882
11398,-0.0522645997448169
11399,-0.0532476794408673
11415,0.0658456309013676
11417,0.015781716217361
11420,0.0875008114242661
11429,0.0980788651583108
11439,-0.0937976290902342
11444,0.0327068107851651
11446,-0.0629360365697209
11452,-0.1131844400626683
11458,0.060555254405126
11460,-0.0842604051267384
11470,-0.064491584844075
11471,0.0490383047377567
11476,0.0485405456377404
11482,0.0460825350694561
11483,-0.0902067748359401
11484,-0.0354837860402032
11486,-0.0628939782091314
11487,-0.0360971955866471
11493,-0.0934772442763363
11504,-0.0543399128736624
11508,-0.0456150717853488
11514,-0.0005196297230734
11516,0.0297245138438813
11521,0.0405442158958198
11524,-0.1323975118846634
11525,-0.0610643607788642
11526,0.0049257590257345
11531,0.0192255448410594
11532,-0.0570396624391717
11536,0.0398519061064231
11541,0.0862046847409765
11549,0.0275888750293827
11550,0.061865211910345
11552,-0.0474754205677405
11554,-0.0037244022046469
11555,0.070044330320547
11557,-0.0391925159563345
11558,-0.0584405678359453
11565,0.0007386328753824
11566,0.0047278767911928
11567,-0.0490400513686699
11576,0.0379978221876221
11579,-0.0227705274846944
11580,-0.0780205072617788
11583,-0.1192966973962706
11584,-0.0532644114186599
11585,-0.0524303117334861
11589,0.0855819861361758
11590,-0.0030012293506912
11594,-0.0038158417237003
11596,0.068640821517245
11598,0.0276520485268432
11599,0.0594574385018921
11607,0.0236862821941135
11608,-0.1087179349603279
11609,0.0336413051818194
11613,-0.053811072084943
11615,-0.0460125549155682
11616,0.0446627713521499
11619,-0.1273951705817268
11620,0.0407859218906219
11625,0.0879054846110299
11626,-0.1694107522739136
11629,0.0767974161498903
11631,0.0663385948795741
11633,-0.0741823539084078
11635,0.0225069801282032
11637,-0.0793589661058493
11639,-0.0726572779342809
11641,-0.0531251966248477
11643,-0.0378620476625381
11644,0.1095146657864225
11646,-0.074386541679692
11649,0.0176711448820641
11650,0.089097536370473
11654,0.1124637405201919
11656,-0.0453859548723697
11657,0.0332542162030941
11660,0.0619360832558609
11665,-0.141073713341347
11667,-0.0199568367724633
11671,0.0391726043256394
11672,0.0695156344612137
11673,0.032403793841334
11676,-0.0552413524254387
11677,0.0248710372407917
11679,-0.0599907906521755
11680,-0.0643009112118317
11681,-0.0225176762183457
11682,0.0358245342512648
11685,0.0175022335089501
11689,0.0234966938256608
11694,0.0067486980172604
11696,-0.0624553290773508
11698,-0.0031061934092856
11703,-0.0821986676051961
11704,0.0168485247230116
11708,0.0558401608181638
11711,0.0293693028160243
11713,0.0142183362085759
11716,0.0383366612460515
11717,0.0510943836836255
11725,-0.0670626070162175
11726,0.0709307442490279
11729,0.0120759601306241
11731,0.0320545927862819
11733,0.0208094935130628
11735,-0.0122440605503208
11739,-0.0354073268315279
11741,0.0530154606550578
11742,-0.0907818065756102
11745,-0.028885875401482
11747,0.0610493995509833
11748,0.0364348915333573
11749,0.0906193982468848
11759,-0.0051405121288594
11762,0.013894534509016
11764,-0.0123585400882419
11765,0.0890462410323232
11770,-0.0624089476774955
11771,0.021786589695234
11772,-0.0376962214410612
11773,0.0345565773897061
11783,0.0274000748005137
11786,-0.1490788868832962
11787,0.0462744439820837
11791,-0.0543172149043279
11798,0.0090205454297352
11799,0.0650029809129839
11800,-0.0662810662158868
11801,-0.0536194745466503
11806,-0.069966019683666
11808,0.079925412239333
11811,-0.0880136486401423
11814,0.0273184782647642
11827,-0.0822399815080587
11828,-0.021250200487433
11831,0.0261732610145694
11833,0.0824059052309784
11835,-0.0012836547679692
11839,-0.0592545735017348
11840,-0.1150248909091204
11847,0.0141345276202205
11848,-0.0360905112549027
11849,-0.0480942936491453
11853,0.0982506733628531
11858,0.0728327184597501
11861,0.0808071946682874
11867,-0.1408042677247756
11869,-0.1323975118846634
11871,0.0006570486555084
11874,0.059096091528468
11877,-0.0431170306966093
11879,0.0623318288851844
11883,0.0710292208895349
11889,-0.0559040045536363
11890,0.0124209496323581
11891,-0.0225176762183457
11893,0.0697930974025624
11896,0.076795218780158
11903,0.0348704736459822
11905,0.1049151126341584
11906,-0.0601989902444685
11908,0.0189184530105848
11915,0.0723832774838047
11926,0.0438109707342145
11927,-0.0521944886875266
11933,0.0729079403871507
11934,-0.0800332009138851
11937,0.0379510095576525
11939,0.0300122924271174
11941,-0.1743770307906319
11944,-0.0960331245193091
11947,-0.0601641946772056
11951,-0.1069423626836871
11953,0.0288972267543768
11955,-0.1599462355638971
11957,0.0037472395923149
11960,0.0234966938256608
11963,0.02791054122809
11967,0.0411382928573023
11968,-0.0669577937012265
11969,0.10593889275627
11973,0.0551997686659507
11975,0.1058011045429843
11977,0.0453626571326148
11980,-0.0349265608739473
11984,0.0693071405648045
11994,-0.0455228043966359
11999,0.0396786230701003
12000,0.0016903170354325
12013,0.0246573115749223
12014,0.0997118576332059
12016,0.032399251605887
12019,0.1275011365798537
12020,0.0145200271244916
12021,0.024953524905813
12023,-0.0586915725670478
12027,0.073024834769197
12033,-0.0725485018101809
12036,-0.0425833179945702
12046,-0.030790484687881
12047,-0.0974235810766138
12048,-0.019599151888167
12050,0.0299542172118016
12057,0.0744935350898972
12060,-0.0323521730201045
12063,0.0781018977822317
12068,0.0773075256106889
12070,-0.0932289583733322
12073,0.1146962075538599
12075,0.0605218109981427
12079,-0.0124559179373825
12082,-0.0622312712311599
12087,-0.004534279878431
12094,0.0577271696483445
12105,0.0327318296984373
12106,0.0132198661011016
12112,-0.00555207308699
12114,0.0283233217484077
12118,-0.0617835568274107
12124,-0.0153323206755741
12125,-0.1154261553421523
12128,0.0571541868221487
12129,-0.0757029892558659
12130,-0.0588716364676523
12131,0.0278553797590486
12137,-0.1448398687332171
12140,0.0501715455034746
12141,-0.1606090320290098
12142,-0.0359487192592654
12144,0.0139792205955394
12149,0.0504021893659355
12153,-0.1154091378909171
12154,0.1008024419393937
12158,-0.0165555471084652
12161,-0.0547198467335899
12165,0.0258748072583412
12167,-0.0470037609229594
12169,0.1154761739212922
12176,0.0632132280538902
12179,0.0587409711789778
12180,-0.0993475998345293
12183,0.1417211265378725
12191,-0.0673050337040231
12192,0.032399251605887
12193,0.0503633610293734
12202,0.0149587366379298
12203,-0.0374131871266681
12207,0.0940341926122258
12208,-0.0858697228048729
12218,0.0267327456735685
12221,-0.1091168951441122
12222,0.0718720768183509
12227,0.0064136789349552
12228,-0.0658460558446407
12237,0.0834888900894767
12238,-0.0499869250077611
12240,0.0610100065633921
12242,-0.0329016142038023
12243,0.0165035673565778
12244,0.0406073872089784
12250,-0.0725529591546864
12255,0.0741190077671759
12258,-0.1013663165658101
12260,-0.2261053939163358
12261,-0.1504834510577716
12265,-0.0560291405019809
12268,0.056210150649136
12274,0.0267327456735685
12277,0.0701536111651585
12278,0.0154489300872153
12284,0.0313693974748788
12285,-0.028678871978926
12289,-0.0115038245874807
12290,0.0265473434746322
12296,-0.0263310502572761
12297,-0.0495463844968242
12305,0.055670679733432
12306,-0.158400909327517
12309,-0.020935454867719
12312,0.1310611180345805
12316,0.0037778314065518
12318,0.0688244541266562
12321,-0.0120908221024375
12322,-0.01020516786113
12323,-0.1191782858903689
12325,-0.1398879413826209
12328,-0.0304640995428377
12331,-0.0194729116537484
12334,0.0264204975865527
12335,0.0240128350087864
12336,-0.0822126324584929
12342,0.0887341503699441
12343,-0.052748690897915
12345,0.0310859876472913
12348,-0.1127705263516413
12349,-0.0554287476313457
12350,0.0288488926962262
12354,-0.1658018509684596
12356,-0.0441535005839261
12357,-0.1548343559965316
12358,-0.0242072603982101
12359,-0.0241292822108386
12362,-0.0621329896623163
12367,-0.0006334078376948
12368,-0.0877445051763567
12372,-0.0821733952334697
12378,-0.0089099326732981
12380,-0.0140353053544156
12386,0.0351254660406764
12391,-0.0060750760966478
12399,-0.1550814043797552
12401,-0.0223789047952202
12405,0.1129678033854468
12406,-0.0405428981529938
12407,0.076563624103478
12411,-0.0291058184474725
12414,0.0675388188330872
12417,-0.1119892496877395
12423,0.0166964599675649
12426,-0.0683297553314609
12427,-0.0269352620533631
12428,-0.0790289498231491
12429,-0.0897653398699616
12430,0.0676023140135844
12437,-0.0612997345716604
12439,0.0358256727109092
12440,0.039079098435435
12441,0.0999624880847678
12442,0.0107006156889803
12448,-0.0365788064578107
12449,-0.036250907712107
12450,-0.0501529180486466
12452,0.0374447885142944
12460,-0.0530493535823959
12462,-0.0542628174889797
12463,0.1228819963981279
12464,0.0315221374127856
12465,-0.0358003700270877
12466,-0.1985292695965627
12468,0.1213168937921028
12471,-0.060662543029001
12472,0.0890327839025505
12473,0.0252161345521956
12475,0.0139414339598735
12476,0.0089451106061787
12477,0.0368601907858077
12478,0.0157942775327546
12483,0.0696921234170715
12486,0.0462918672761839
12491,-0.0779882279858373
12499,0.0402649169112145
12510,-0.0771217663002138
12512,-0.0610333026775566
12521,-0.0701583053958273
12527,-0.0134704077869673
12531,-0.1003883421647521
12535,0.0106525536777952
12538,0.0671673403898334
12544,-0.0542628174889797
12547,-0.0813504427351142
12549,0.0082554460167161
12550,-0.0622179324566119
12551,-0.1193604971526645
12552,0.1095146657864225
12558,-0.0100572233734907
12559,0.0138607847041055
12562,0.0500047114153406
12563,0.0526075193458016
12567,0.1071114090125196
12573,0.0710327957314656
12579,-0.0215615145205307
12580,0.0965057603297021
12582,-0.0627014575732558
12589,-0.0509192681043066
12590,-0.0878704976862306
12592,0.0379978221876221
12595,-0.0719658186758738
12597,0.0192255448410594
12599,0.0381820133471469
12603,0.0625139193402717
12604,0.0273392993190474
12605,0.0217918567168259
12607,-0.0404544220252905
12612,-0.0544645472888224
12613,-0.0187650764013884
12614,0.0105524992715887
12616,-0.0168393169443321
12617,0.0028316156845284
12619,0.0028683806409678
12621,0.0722418442275712
12627,0.0783016571241315
12628,-0.1421879110867016
12629,-0.023021633197718
12631,0.0540428459841774
12636,0.0967988263771368
12638,-0.0852602556144671
12643,0.0158315511638898
12650,0.0033098062422604
12657,0.064177998282549
12659,-0.0146476293110607
12660,-0.0110310453701728
12661,-0.0550339422516753
12662,0.028032743978651
12664,0.0221594538829716
12667,0.0432135016960523
12675,0.0072490140318223
12676,0.0557133138607924
12687,-0.1624944673000181
12688,0.0831061789345131
12689,0.0008802485076772
12691,0.0950111165203902
12693,-0.0529922875921457
12695,0.0520731963730073
12698,0.009127693861606
12702,0.0661511048809357
12705,0.0371486794803727
12706,-0.006777191614849
12710,0.0704785747842279
12713,0.0121187308385204
12718,-0.0337640526407963
12719,-0.0128050786691302
12722,0.0826774183438696
12729,-0.070012226719871
12732,0.0716193214404885
12733,0.0174346680389073
12734,-0.0178746671513018
12736,0.077056162876676
12737,0.0687377359208894
12738,-0.0491192377376518
12740,-0.0810276797290518
12741,-0.0043372619912285
12744,0.037459288041943
12747,-0.0122368294506059
12749,0.0421612828927843
12751,0.0035720703123746
12754,0.0351003014203214
12757,0.021741520350669
12759,0.0533918346444658
12762,0.1094966803108358
12764,0.0631513503778727
12767,0.0027013438219959
12769,-0.0702107552183171
12774,0.0356114548327985
12779,0.0398887913329236
12786,-0.0269735431804145
12787,0.0220685139286131
12789,-0.0695747899520711
12790,0.0163526905518149
12791,0.067075730727938
12793,-0.0074912860833839
12795,0.0111730686962481
12800,-0.1289239306606444
12801,-0.0576515974868922
12802,-0.0407513962626178
12805,0.0717313127870199
12808,-0.1484333548926179
12809,-0.0466448117958422
12810,-0.0959197739509972
12814,0.0254800325747726
12817,-0.0263882017464517
12819,0.0519341656875121
12820,-0.0701583053958273
12821,0.0303869811625632
12824,-0.0649165769794714
12825,0.0246573115749223
12826,-0.0073930967444722
12828,0.1061847146174413
12830,-0.1062608918703395
12835,0.0428862283319818
12839,0.0012139663876689
12844,0.0683766246842212
12853,-0.0061542569988157
12858,-0.1115533254491382
12860,0.0597956617010312
12871,0.0167225879655349
12873,0.1208616811106588
12874,-0.1553958489364603
12875,0.0666615517923318
12876,0.05154460762413
12879,-0.0054598702743394
12882,-0.1735832545325512
12884,0.0391912654131954
12885,0.0300249542630696
12887,-0.1551511765655202
12890,-0.078730783234649
12899,-0.0430011312195132
12900,-0.0649660163105505
12901,0.0326994578098032
12902,-0.0010754568950093
12907,0.0331652798927808
12908,0.0320203963774641
12916,0.0078751827416646
12920,-0.0558792425509565
12924,0.0505214361256045
12925,0.067075730727938
12926,0.027893040719357
12929,-0.0550965035060109
12930,-0.0183423525514078
12934,0.0067081036236346
12946,-0.0925481657275644
12947,-0.0149711877587619
12948,0.0455298757959389
12952,-0.007409647361166
12955,0.0239112452769178
12956,-0.0564372171805599
12957,-0.042566306535024
12959,-0.0090001974948203
12962,-0.1028963119584683
12963,0.0398239642010204
12964,0.0613988291344695
12967,0.0249042273505927
12969,-0.1669019321403615
12970,0.0671999113628475
12971,-0.0530751807140408
12972,0.0386084285956025
12973,0.048949990129249
12975,0.0493120427189882
12977,-0.0592962770236728
12978,0.0262498279151981
12979,0.0827028488777204
12980,-0.0362913116365115
12982,0.0038907610833179
12985,0.0114439828463269
12986,0.0601643812763278
12992,-0.0499816893525079
12994,0.0329793935857368
12995,0.0175130742150472
13000,0.0721902429689762
13001,-0.0821073738177241
13002,0.1301060579495604
13003,0.0191197647933407
13006,0.0519775725104646
13007,0.0182303774342046
13008,-0.038726731330882
13010,0.0549222604005746
13015,-0.003080067646197
13017,-0.0830094505754576
13018,0.0102105373326016
13025,0.0358076635916889
13026,-0.0586157778629347
13027,-0.0365196285646498
13031,0.013671079466586
13033,-0.0048056651769596
13035,-0.0166494789880184
13037,-0.0379696503431582
13038,-0.0685489399203941
13041,0.0612785508485877
13043,0.0582826441137855
13045,-0.0066848095553203
13050,-0.0768854100031845
13052,-0.0365429857141694
13054,0.0617850455533491
13061,-0.0908382801729513
13066,0.0712351009304146
13067,-0.1110357842965057
13068,-0.0254079642737777
13069,-0.0506147405752352
13074,0.0370750635618396
13075,-0.0094807051566005
13079,-0.1418146881442388
13080,-0.0609628809442649
13082,0.0727277060821934
13085,0.0511938828797884
13088,0.0264245594960875
13092,-0.0644075345199763
13102,-0.0922677262442319
13105,0.0916169466411883
13110,-0.0017010537803189
13111,-0.0287386101890745
13113,0.0372298472683138
13114,-0.0224536906133916
13117,0.0230684723764548
13126,0.0535168176985884
13127,0.016772419687715
13132,-0.0602015697047415
13139,0.025366507620303
13140,0.0209995781400167
13142,0.0743020453023355
13143,-0.1606090320290098
13144,0.0248205008005757
13150,0.0271342512006453
13151,-0.0515839237280826
13153,-0.0094242580600186
13155,0.0753947917831572
13157,-0.0594467740414479
13158,0.0224136639299993
13161,-0.013917355078082
13162,-0.0404745302026015
13163,0.0377897472217452
13168,0.0124202719745003
13169,-0.0292867296305366
13172,-0.040740576716598
13180,0.0398239642010204
13185,-0.1004340340877283
13192,0.0002392194459491
13203,0.0073172743652732
13205,-0.0552373055210333
13214,-0.0522135689771706
13216,0.0913845165732031
13218,0.0448555837715121
13220,0.0673576081708611
13222,-0.0824315962305091
13226,0.0679933570227293
13237,-0.1470335565337416
13238,0.0332713525131073
13245,-0.0326508784967186
13247,0.0853493508888548
13249,0.0007239423175792
13252,-0.0208648899795087
13253,0.0836423033345433
13256,0.0417013539851686
13257,-0.1146715236836859
13260,-0.0272892387060908
13263,0.054571263187633
13269,0.0165855293043292
13271,-0.0975166901335652
13273,-0.0103382197668405
13275,-0.0273946235917141
13276,0.0389830934532357
13283,0.102810430175662
13284,-0.1048411559644617
13286,0.0453642749648584
13289,0.0229252475970853
13296,-0.1120903340859917
13298,-0.0634456644248284
13302,-0.0532696538379934
13307,0.084905406851461
13310,0.0432067748309281
13311,0.1292004335188254
13314,0.0145362175543733
13315,0.0672966158059022
13316,-0.0084944106069619
13322,-0.0572466923244554
13324,-0.0452341765642423
13328,0.0834057582879773
13329,-0.0134389998211979
13335,0.0394235002296817
13337,0.0862269816253389
13342,0.0816727833641114
13343,0.061964374835958
13346,-0.0463441663874617
13347,-0.0123850119802446
13354,0.0496822477109913
13360,-0.0290351289597278
13362,0.0787023866656936
13368,0.027337370023742
13369,0.1260133720899257
13372,-0.0511679136815043
13376,0.0654293748004197
13379,0.0092587034572892
13382,-0.0359068441825483
13383,0.1132199287171116
13384,-0.2084871596469336
13385,0.0738716124183053
13389,-0.0236211248081949
13391,0.0030704806487175
13392,-0.0606170107419967
13401,0.0652648855249448
13402,-0.0051996502229094
13403,0.0335818574971622
13404,-0.0255907305857229
13405,0.0094237359182513
13407,-0.047880428908183
13408,-0.0992515538055624
13410,-0.0330837845372669
13412,0.0280367493488677
13415,-0.1663314468903309
13416,0.0049902615842165
13418,0.0378297437454565
13420,0.0703097220286983
13422,-0.0186024764669393
13425,-0.0375171334399424
13431,0.0225458725654259
13434,-0.0329145497084038
13436,-0.0245109566745516
13437,-0.068044944786535
13441,-0.0974781471965086
13442,0.0604358267625448
13443,0.0591578953475547
13445,0.0728988911159579
13448,0.0675388188330872
13451,0.0190150041029764
13454,-0.019200436892995
13457,-0.0287410609667346
13458,-0.0570403778834678
13460,-0.0503259229777696
13461,0.0444561034133988
13465,0.0445506812449149
13467,-0.1146080973598092
13469,0.0577243234842776
13472,-0.0833771550042642
13476,-0.010392134885415
13480,0.0957333984029294
13484,0.0709102841617589
13490,-0.0479954552928816
13493,0.0849292965847672
13494,0.0347634033860289
13496,-0.002763719586966
13498,0.1120410490977093
13499,0.0831750654287675
13501,0.0670099428251047
13502,0.0495360172342842
13507,0.0770384352127115
13511,-0.0028282210981815
13513,0.0393642741800582
13516,0.0511613633155092
13525,0.0382068978129631
13526,0.0527617042589423
13529,0.0500942051756457
13531,0.0927043357479303
13538,-0.0742643502596353
13541,0.0582247810341168
13546,-0.0439140820272363
13550,-0.0291184536173671
13554,0.0669262106062773
13556,0.0696023130479894
13558,0.0441554940109462
13559,-0.1529343730859779
13562,0.0381820133471469
13568,0.0378402719600049
13570,0.0008802485076772
13590,-0.121065570802634
13592,-0.058015544442067
13594,0.119535057677061
13600,0.1091439584193044
13602,0.0155752471835971
13604,0.0586411223949565
13605,0.0126945951888043
13607,0.020969228786061
13611,0.0614629757893235
13614,-0.0668129621125474
13617,0.064340130857887
13620,-0.0521284935063738
13627,0.0736235830985908
13628,0.0223272749392701
13635,-0.0370015875145123
13637,0.0341252361247334
13638,0.0269496920968082
13639,-0.0048735433871777
13640,0.0141345276202205
13641,-0.0589471658128141
13648,-0.0123852580615933
13650,-0.1506552346495303
13653,0.0852181903842818
13658,-0.007941369227258
13661,0.0731541741383002
13662,-0.0075180603093793
13666,-0.1288177211572221
13667,0.0535912576687121
13668,-0.0443034293499268
13678,-0.0820591550971367
13681,-0.1520465068478716
13682,-0.0802815905874446
13684,0.103528957225517
13687,-0.0792236099314065
13688,-0.0187759662270496
13689,0.0800751320267175
13694,0.0371363997806489
13695,-0.0345302314287202
13697,-0.0283713502674453
13698,0.0030417579453167
13704,0.0031231722889375
13705,-0.0736950840197796
13706,-0.0775331249813348
13708,-0.0419125556712378
13713,0.0240128350087864
13715,0.051988438042588
13717,-0.0631057842126431
13725,0.1140280800875858
13726,-0.0499633478553322
13731,-0.068323178558496
13733,-0.1305745756896478
13736,-0.0821109421548311
13738,-0.0984879859163025
13741,-0.0890160593666558
13749,0.0225458725654259
13752,-0.0786028011106998
13758,0.0665521812371317
13765,-0.0273423662652604
13766,0.0254365974430647
13768,-0.1553062723622584
13770,-0.0968518491414168
13771,0.0557261796696431
13775,0.0646906158145346
13779,-0.0134006870187
13783,-0.1534819507411793
13786,0.0495554587887095
13787,-0.1207058755845572
13795,-0.0025317951634112
13799,-0.1179416011530791
13802,-0.0641242591794757
13803,0.0465916482753109
13805,-0.083484589659562
13809,0.0267683584469718
13813,-0.0120311810225971
13818,0.0702538256889535
13824,0.0380730570032684
13826,0.0149587366379298
13827,0.0900201519906061
13834,-0.0468819212472004
13839,-0.0519207346257888
13842,-0.1073514154595242
13844,0.0532189971303907
13845,0.0447750216848873
13851,0.0555327534386296
13852,-0.083484589659562
13857,0.0262862629834724
13859,0.0264602107190293
13864,0.0599187788047951
13870,0.0036895435335235
13872,0.0597828113835842
13873,0.0604491821817137
13877,-0.0327850259748383
13880,-0.0556541362777514
13882,-0.0077164831991565
13884,0.0760723060632782
13885,0.05644904296351
13891,-0.0198749684545154
13895,0.0197670666600848
13899,0.0905761030908691
13903,0.0086764570418526
13904,0.117157730709755
13906,0.0551225266867527
13911,-0.059095741085978
13912,0.049882228599321
13913,0.0819113920986742
13915,0.0522627260281144
13916,0.1310464882136015
13919,0.0806461005705819
13925,0.0626329630603891
13928,-0.034292867682552
13932,0.0027581862057172
13935,-0.009011300563246
13939,0.0996411942983257
13943,0.0447882502789738
13944,-0.1458326752979934
13945,-0.3032548849459757
13946,-0.0986803459819837
13950,-0.1009110524166251
13951,0.0738004593334809
13955,0.0890927962347446
13956,0.043611351411379
13962,-0.0213827056930427
13963,-0.1109741537320504
13964,-0.0323300344737401
13967,0.0452528886345131
13976,0.0530801929611659
13977,-0.0688091984275973
13978,-0.1682039919877262
13982,0.0252939855343301
13983,0.0582247810341168
13985,0.0191829281914487
13988,0.0415620310402634
13989,0.0855060845222881
13993,0.1154697171187902
13994,-0.0109373899427164
13995,0.0267781662280679
14000,-0.0515777165771535
14002,-0.1553062723622584
14004,0.0367745081994741
14005,0.0751561424917517
14009,0.0564473314389784
14014,-0.0569963346339764
14018,0.1039136953426504
14019,-0.0274115069517301
14029,-0.0197609758220552
14053,0.02387378839233
14060,0.0448191843114965
14064,-0.0090338074567444
14066,-0.0515819729469618
14073,0.0896008376358804
14074,0.0486754763068316
14076,0.0409196767430397
14078,-0.0655392416055943
14079,0.0155510174878593
14080,0.0358256727109092
14081,-0.0687983176426004
14084,-0.0590341641598565
14085,0.0994144874512101
14086,-0.0130162025764988
14087,-0.0252554833752929
14089,0.060713852516473
14090,0.0822005679562118
14094,-0.0432854677753268
14095,0.0710990994737355
14097,-0.0218959494173437
14098,-0.1014848245259992
14102,0.0840279113559831
14105,0.0870847297687579
14108,-0.0760912640450401
14109,-0.0636776930293718
14112,0.0466519452244827
14114,-0.0164456003971656
14117,0.0639754047186983
14121,-0.1091050112402412
14124,0.0585209605407782
14125,-0.0635453043366193
14126,0.0275061880845875
14127,-0.0968936608939254
14129,0.0580174164964118
14131,0.1098959960917073
14133,-0.0516358093686814
14138,-0.0230290201608784
14139,0.0271826852641239
14144,0.0558638531451189
14146,-0.0212938291193651
14150,0.0344515527669571
14153,0.0240128350087864
14164,-0.0181769539504673
14168,0.0049606366933567
14173,0.0081231541372676
14174,0.085110011577021
14175,-0.1342674391427153
14177,-0.0436224056926341
14179,-0.1193575004275857
14180,-0.0496308259237318
14181,-0.0618307635270999
14183,0.0336079131064051
14184,0.1283209875740578
14186,0.0516074758728631
14188,-0.0270171088045125
14189,-0.0067025294816014
14193,-0.0681565040801306
14198,0.1115026298799407
14203,-0.0329651652620537
14208,0.0426094492269349
14211,0.0367458348700372
14213,0.0378297437454565
14214,-0.1018601682705033
14216,0.0008598214191545
14219,-0.0622179324566119
14228,-0.0230325521404797
14232,0.0758476013508186
14243,-0.0226149539601404
14245,0.0194553844566815
14246,-0.0501229373026071
14252,-0.0107322868077442
14260,-0.0591984728896494
14261,0.0573365112054734
14264,0.088373002816584
14271,-0.013759111589068
14279,-0.0061542569988157
14282,-0.0723762564306876
14284,-0.059461427497268
14287,0.0605764926037847
14289,-0.041727691333141
14291,0.0142939898195921
14294,-0.0737232506016085
14300,-0.0568013262663546
14305,0.1108271392043053
14314,-0.0076727754435437
14321,0.0240372863350478
14326,0.0926119501557375
14330,0.0405746684141818
14333,0.09729487983536
14335,0.0698432678384236
14336,-0.1738059771395882
14337,0.0401321305600189
14346,0.113508516509517
14348,-0.0206270195139665
14351,0.0940341926122258
14356,0.0603490911946468
14365,-0.1335894512402277
14370,-0.0168584729501928
14374,0.1122066686502988
14375,0.0887161880460475
14376,-0.0976856194622342
14379,-4.780853142532505e-05
14383,0.0523828864018963
14384,0.0850228427023534
14391,0.019912145636635
14392,0.0310365888390962
14394,0.0303224760954592
14396,-0.0790106453622255
14397,-0.0924928149586405
14399,-0.0014684330117274
14401,0.0507406016057708
14403,0.0273090573896461
14404,-0.0330719133154302
14408,0.0571605686517384
14414,0.0420505646805939
14415,-0.1341789250457889
14416,0.054004597086788
14424,0.0033220614973255
14426,0.0115949237986513
14427,-0.0778758120380022
14429,-0.0706683160731254
14432,-0.1051143668089146
14433,-0.0473044926644486
14436,0.1094897674413188
14445,-0.0440617780289011
14447,-0.0420911629698447
14448,0.0388052579553015
14451,0.0593246740796313
14455,0.0969292840433415
14457,0.0079609967540621
14459,0.0272041125384833
14461,-1.25666832497004e-05
14463,0.0469357021414214
14468,0.0037151862612407
14471,0.0150236792789883
14473,0.0252777875966302
14474,-0.0795589127820213
14476,-0.0753477464488234
14477,0.01277112763166
14478,0.0347696203518245
14479,-0.040782021157237
14484,-0.0327302417844018
14485,-0.0340797667730638
14487,0.042806252837557
14489,0.0848473102425237
14492,0.0300711117902074
14496,0.0630766372348023
14497,-0.1047821591131684
14500,0.0354803052655901
14503,0.0880376128360206
14509,0.0633241562462583
14510,-0.0427546693184742
14511,0.0561492839695826
14515,0.0267812028877275
14522,0.003325389723666
14524,0.1029055148071429
14525,-0.0542017930767703
14530,0.0175613276980414
14534,0.0397957884021563
14536,0.0618374933499999
14541,0.0711737755153974
14545,0.0544844554954302
14549,0.0828524755796025
14551,-0.0163669669697073
14552,-0.0893512060221389
14554,-0.0132141671515885
14560,0.0699623828759272
14563,0.0422386026861009
14567,0.0038929421496778
14573,-0.0914176185781546
14575,-0.0509890203278691
14577,0.0677573995048075
14582,0.0274570397074306
14586,-0.0005539040037212
14589,-0.0936492024452887
14590,-0.0558953748496026
14595,0.0812496844610936
14602,-0.0371686386572735
14604,-0.0814049749631768
14607,0.0225508204315407
14608,-0.0675426042605497
14609,0.1175229647250944
14617,0.0458736151997583
14619,-0.0149471597148831
14624,-0.1877844333944854
14626,0.0860054765831106
14629,-0.060443701724852
14630,0.0976052751169824
14631,-0.080753219463586
14633,-0.0430572923245498
14637,0.0643566211917569
14638,0.0739775698591677
14639,-0.0855184792937804
14640,0.0254840454846418
14643,0.0553146768371382
14644,0.0147451300104602
14646,0.0207767871325833
14647,-0.0564718539768981
14649,-0.1118321857862211
14650,-0.0496780395750833
14651,0.0309707656138798
14660,-0.018525635855278
14662,0.0212711490218755
14669,-0.0894459824224298
14675,0.0737796651955383
14676,0.0751711059341501
14677,-0.0122753768297875
14679,-0.0319526213818309
14682,-0.0051232640295298
14683,0.104608923857536
14695,0.0037906758473074
14704,0.0130427656326078
14705,-0.0373768017313677
14707,0.031549275966285
14708,0.0112193463943254
14709,0.0044634643823857
14713,-0.090781480321593
14716,0.0729612038481686
14719,0.0254840454846418
14721,-0.0117572351436114
14722,-0.0862699823831229
14723,-0.0509449963881114
14724,0.027367193078282
14731,-0.0107630533345424
14733,-0.0177914040978684
14735,0.0485380913669152
14736,0.03722083477924
14739,0.1224812618846293
14741,-0.0393607527145254
14745,0.0219810235156235
14751,-0.1158851252001937
14753,-0.0691051523853503
14754,-0.0636135963001637
14756,-0.1095005891540775
14757,0.0186221125793191
14758,-0.023762818595307
14759,0.0081988347220549
14760,0.0274431508461184
14767,0.0436077753879556
14774,0.0853909154266054
14776,-0.0592566512565027
14777,-0.1018545972470143
14778,-0.0111205438061535
14780,0.0225587170061816
14783,0.0452064062144954
14786,0.0837312814639623
14792,-0.0221714460021273
14793,0.0746007979901175
14795,-0.0541192771723645
14800,-0.0555273050363883
14803,-0.0650918674076742
14804,0.0551270587568799
14805,-0.0586742964165318
14807,0.0165793628852497
14814,0.0204519170421586
14817,0.0262555612195668
14818,0.0965467545404865
14820,-0.0101098946952082
14828,-0.0562313811650767
14829,0.0202064065721138
14833,0.0970511895106415
14839,0.0321308270227248
14841,0.0731212233660532
14844,-0.1088013418953443
14845,0.0374906665498851
14846,-0.0917802812339789
14849,0.0626976686654392
14852,-0.019990794474041
14872,-0.0176740739396151
14875,0.0513617407126741
14887,0.0776232715508823
14895,0.0633448696077597
14897,-0.066515990546537
14899,-0.0511358736089128
14900,0.0151098729343863
14905,0.0227480995010918
14908,0.0255466811980637
14909,-0.0154094398476578
14913,-0.0340733468350322
14914,0.0478516069485079
14915,-0.051579239816028
14916,-0.1884513126036633
14917,0.057962039727503
14919,0.1016812883833269
14923,-0.0672551490065172
14924,0.0491134105837309
14926,0.0746661391058401
14933,0.0271027183699421
14939,-0.057814515719628
14941,0.0969070695977155
14947,-0.0368586324184954
14949,0.0758834641809994
14951,-0.083049277416822
14955,-0.0634257611503436
14956,0.0724544518758264
14957,-0.084594355157605
14959,0.04127759705168
14960,-0.0841715933791879
14961,0.0476821887779294
14962,0.1083745595864131
14968,0.0009830155618194
14970,0.0532469307668137
14971,-0.0853141705887644
14974,0.0900252740325177
14981,-0.0201784800773978
14994,-0.16794240011965
14995,-0.0474592637359547
14996,0.0274849915340258
14999,-0.0220317369940801
15002,0.0087641473733371
15007,0.0509833784805014
15009,-0.0323687734262069
15017,0.0099756031992585
15021,-0.0958873606107814
15023,0.0791491293112937
15029,0.0036474435978182
15040,0.0718248488782142
15041,0.0309405230522739
15043,0.0718585316180028
15044,-0.1486957681097186
15046,0.0174345330666488
15047,0.0159468420615383
15049,0.045854680019412
15052,-0.0552543553775316
15054,-0.1074057547108919
15056,-0.0242241220819929
15057,-0.0547407416567455
15058,0.0137870817785969
15064,0.0825669399041598
15067,0.0528137035140805
15068,-0.115537211907024
15069,0.0949408978000818
15071,-0.0065181951265404
15072,0.0269136770058434
15073,-0.0068512480735244
15077,0.0146402124807608
15078,0.0351034033374705
15079,-0.0460174243350732
15083,-0.0895202293167502
15084,0.0648432697766449
15087,0.0789799791971675
15090,0.0938574658828753
15092,-0.04076321153102
15096,0.0568424189629717
15101,0.1361585095881736
15102,-0.0358467688668336
15107,-0.12576004151087
15108,0.0250971089689046
15110,0.0644452165741993
15118,-0.0233693048604997
15119,0.0458534544832627
15121,0.1139781766196997
15123,0.0805875114648437
15128,0.1067010613021116
15131,-0.0616890830215283
15134,-0.033465796088891
15135,0.097106149941277
15136,-0.1158123139292545
15140,-0.1081168719987684
15141,-0.1616482097033121
15144,0.0271007962876333
15145,0.0514175990147697
15146,0.0900505887437252
15153,0.0154207409582983
15154,-0.0056291193576592
15155,-0.0430875208975631
15156,0.0625683515696967
15158,0.0871656749521979
15159,0.0700724226251964
15164,0.0775925684928681
15165,-0.0720492413179877
15168,0.0992653805507545
15169,-0.057672286193023
15170,0.0690128920220339
15171,0.0166928637840663
15172,0.067931451690787
15173,-0.0586806081146879
15174,-0.1962647733517925
15177,0.0802585982858416
15179,-0.1331632380318588
15180,0.0410792281267581
15182,-0.0789394889089412
15184,0.0428818947817901
15188,-0.0888320364634612
15190,-0.0008156242835286
15193,0.0101915979740428
15196,0.0693772252558983
15197,-0.1101867471445267
15203,-0.054129383642803
15204,-0.1157223231459497
15205,-0.0578052116703858
15208,0.0147667959340562
15209,0.0204866885890591
15210,0.0123309639633484
15215,0.0462122676579932
15219,0.0373776663308349
15223,-0.0137829224025054
15224,0.1007414160180169
15225,0.091421869717245
15228,-0.0398221537114548
15236,-0.1304292599220233
15238,0.0552415528439861
15239,-0.0631554285270164
15240,-0.0626632226975366
15241,-0.033257693851275
15242,-0.0027338181155457
15243,0.11175557823177
15245,0.1051466943674539
15247,0.0428818947817901
15250,0.0700056914686166
15251,-0.0296892690441986
15255,0.0349390918335502
15256,0.0755167369033924
15262,0.048260920637751
15265,0.0866655040225271
15267,0.0200636543294309
15275,0.0569429832463589
15277,0.0714705682877328
15279,-0.0610303933934541
15280,0.066997802713471
15281,0.0194839346281979
15282,0.0130054109987764
15289,0.0210163669599274
15296,-0.0345545293415022
15300,0.0597107660123922
15301,0.0295653590727441
15302,-0.0833822146394983
15305,0.0616816678648191
15307,-0.0623982925659076
15311,0.0696230133533116
15312,0.1085550068314968
15315,0.0067083275523398
15323,0.019460315916064
15325,-0.0167290511871057
15330,0.0533925598662375
15338,0.0699348943020879
15340,0.0855657580355958
15345,0.0043487497637341
15346,0.0300791281938418
15347,-0.074738532177591
15348,0.0540517653336018
15359,-0.0172518277131679
15363,-0.0124234398508162
15367,-0.0167724174956519
15368,-0.002328694646545
15369,0.0665841037565819
15375,0.0194570975241091
15378,0.0643515385893638
15379,0.039091421216888
15384,-0.0640400168557756
15386,0.0117430785160351
15388,0.1136917475507653
15390,-0.0597403482699085
15391,0.0598060610747595
15392,-0.0317995317920246
15400,0.0649911819475416
15404,0.0083070876597913
15407,0.0632861684181992
15408,0.0171603187411828
15413,-0.188182703253203
15414,0.0658962337985849
15417,0.0226530242400914
15418,-0.0786507168079536
15419,0.0067403583917665
15426,-0.1117691477306898
15428,-0.0352091526363469
15431,0.0561449180810418
15434,-0.0873566549839338
15438,-0.0555466272904831
15441,0.0228784993517774
15452,0.0506206460014344
15457,-0.0457620681792174
15459,-0.0507043123796122
15460,-0.0817985005843213
15461,0.0342681749521471
15465,-0.0504481825695183
15471,-0.0473110331423882
15473,0.1160645229037649
15484,0.0718555079677868
15487,0.0018843692008598
15489,-0.0430748146718223
15492,0.0636486133036217
15496,0.1423294783574199
15498,0.0266118250533016
15500,-0.0571078315917807
15507,0.0474431138966622
15508,-0.0379058326557239
15509,0.0716195587398254
15511,-0.0416957770110433
15514,-0.0581207570636019
15518,0.0146034043501303
15523,0.0486300453081299
15527,0.0855797980267698
15529,-0.0786285507854395
15531,-0.0782152619211397
15532,0.0170910770171633
15535,-0.0397076723225179
15537,0.0276172690774934
15539,0.0227328480923954
15540,0.1032869426968911
15542,0.0081790604337731
15546,0.0775193242990704
15550,-0.0762146670418913
15551,-0.0095614903305671
15555,0.0536897479973908
15558,-0.1097977328639493
15559,-0.0407427281841501
15561,0.0737612516052912
15562,-0.052405108351671
15566,-0.0582054690305835
15569,0.062067021096282
15571,-0.0045038401564497
15574,0.0921613145435183
15579,-0.0950157501858957
15581,0.0766031581289347
15584,0.0352813367290291
15587,-0.0395710409319381
15588,-0.0549270131106507
15595,0.0586496848102476
15597,-0.0213787886328153
15601,0.0424348955415933
15602,0.0848386542420823
15603,0.0299455151767765
15605,0.063539431379707
15611,0.0142172816352444
15612,0.0271252039268418
15616,0.1022050511195451
15618,-0.0094943120499071
15626,-0.0327471621516178
15628,-0.0023777961691533
15631,0.0376691654226706
15635,-0.1097385808886645
15638,0.0448201477348683
15640,0.0008430181644424
15641,-0.0456612267589558
15642,0.0169183540526318
15646,0.0066263871103472
15647,0.0286275803764846
15648,-0.1092675645917436
15650,0.0589113048452698
15653,0.0026611684508388
15656,0.0122700557609683
15657,0.0733645933426036
15662,0.1069730316973302
15665,0.0316183021755518
15671,0.077226202299567
15672,0.0250914601380924
15673,0.0115081665299661
15674,0.0772563175472757
15675,-0.0659659371544852
15676,-0.028809943192017
15678,-0.0591117422744757
15679,-0.0192516921736006
15680,-0.0176627807858743
15681,-0.0949498403546726
15682,-0.0952862980904157
15685,-0.083529166435499
15687,0.0978261897415217
15690,-0.0585933924540477
15696,-0.0456982879656239
15697,-0.0452619676530029
15700,-0.1009873008529876
15702,0.1125139674783211
15703,0.0508759077260605
15707,-0.0151999587361146
15712,-0.0276828344883578
15713,-0.1421476951613794
15721,0.1079990575983314
15723,0.0334995288622322
15726,0.015410963447881
15727,-0.1326780738653628
15729,0.0173877540579856
15737,-0.0514367036769335
15739,0.0246829323282748
15740,0.0263033833739542
15748,-0.0361636881882672
15750,-0.0163380031582954
15751,0.0247876821987126
15752,-0.0836603391916307
15755,-0.054596651173958
15756,-0.0918941478691051
15757,0.0253408716614951
15759,0.0530891043042881
15760,-0.0508929333510085
15761,-0.01690957479377
15762,-0.0488514340409267
15763,-0.0460640798371033
15764,-0.1719543270915625
15765,-0.0472623799762877
15767,0.0795703795997594
15770,0.0237044333622817
15771,-0.0552881314013902
15775,-0.0855062935284489
15776,-0.0738359579714408
15777,0.0416995696816285
15779,-0.015308270055699
15780,-0.0175480003525585
15784,0.0584946283247426
15785,-0.0652586949881222
15788,0.0020083463981994
15789,-0.0745241290130372
15792,0.0703071632496668
15793,0.0080374769635247
15795,-0.1317704561923958
15796,0.063599508521484
15797,-0.0663932922954776
15798,-0.0198833273047127
15799,0.0072758633359017
15801,0.0327495374559603
15806,0.0763782442011151
15807,-0.1026964790786866
15808,0.1008606858309431
15810,-0.2014417935764873
15819,-0.081383466083919
15821,0.1485125844564839
15828,0.0400507211603948
15831,-0.0819126105991428
15832,0.0483272807132226
15841,-0.0016457442466073
15842,-0.0086475010209868
15843,0.0378249807075027
15844,-0.0357369291721039
15847,-0.1497102478196876
15849,0.0233075532037246
15850,0.0021701196727022
15862,-0.0095280408949175
15863,0.0055895703594335
15864,0.1160607664957218
15866,-0.110359661205873
15870,-0.0130464357576086
15877,0.0503456252020303
15878,-0.0718526010972141
15880,-0.0251981704518232
15881,-0.1039067724094488
15883,0.0897334307943482
15886,0.0915606424397115
15887,0.0017412837606303
15888,0.0180736039470448
15890,-0.0839230758620448
15891,0.0605371547921089
15892,-0.1066522355088759
15897,0.0323123741515517
15913,-0.0852224327347925
15914,0.0638441566761908
15916,0.1266887196355038
15919,0.0701043345198014
15921,-0.0055055438652349
15923,0.0851394819213703
15926,0.1599285980681361
15931,-0.0374087726999508
15937,0.0262253744596477
15939,-0.0857541073486396
15940,0.0038210952354179
15942,0.0251712891310397
15943,-0.0821986915193959
15946,-0.0775665933676891
15947,0.0487962410365424
15950,-0.0652457330757531
15951,0.0443896584649718
15952,0.0575883356801754
15957,0.084873804551205
15958,-0.0240209250105724
15963,-0.070338484086488
15966,-0.0977703014585248
15967,-0.057591141302693
15968,0.0273302465717105
15969,-0.0587186720574242
15971,-0.0185086087953396
15974,0.0020387704990558
15975,-0.1074182281869443
15977,-0.0497541639891869
15979,-0.0290116190793808
15980,-0.0340172797724685
15984,-0.0930879155142368
15987,-0.1488496440991822
15988,0.0717000198978829
15989,0.0459038305073388
15990,-0.0324744371144493
15992,0.1163645709851031
15994,0.0268438821611079
15998,-0.0345620185444117
15999,-0.0052798716990155
16002,-0.106627344078216
16003,-0.1626767106051775
16006,-0.075906542462588
16007,0.0184264734459174
16008,-0.0386822676575751
16012,0.0445226498807187
16013,-0.0835801980237827
16017,0.0313640975918983
16018,0.0843529341744611
16023,0.0246551479479141
16027,0.0658072156001959
16031,0.0585460610643117
16032,-0.0586699552058379
16033,0.1087409974943862
16035,-0.0806816397726468
16037,0.0483460322488075
16040,0.0307451714635993
16045,-0.0762869696412092
16048,-0.1300217790073953
16052,-0.0419619128418664
16053,-0.143717513118835
16056,0.0994886915611424
16058,-0.0569315014820197
16060,0.0703926750406081
16061,-0.0743126468708199
16066,-0.0245728505387658
16068,-0.0584912072053198
16069,-0.0482677720019361
16071,-0.0611527938069234
16074,0.0687720892409028
16075,-0.0522509632149015
16079,-0.0688937785227301
16085,0.0084432335402914
16087,-0.0492321288951985
16098,-0.0097021019482679
16099,0.1037011770612449
16102,0.0355632544254999
16109,-0.1251901521674032
16111,-0.0347398919132633
16112,0.0241354943488871
16114,0.0500787904354698
16118,-0.1436791491304531
16119,-0.1384753272982334
16121,0.1080875867576431
16130,0.103630764398869
16138,-0.0523199951502326
16139,-0.0088225444112321
16140,-0.0245966243439619
16141,0.0374689368729095
16144,-0.064853617970094
16146,0.0253277618516225
16147,-0.039432536104198
16149,-0.0550621501859975
16151,0.0557050330534454
16153,0.0210969797795828
16154,0.0584988998730299
16155,-0.0123784020272369
16162,0.0182845870498178
16168,-0.0217454840480319
16170,0.0029414367209493
16173,0.0511201736943858
16175,-0.075921377335765
16176,0.0189433930115431
16179,0.1087409974943862
16181,-0.1012024235174249
16183,0.04863329587486
16184,-0.0849385230808259
16185,0.0039761519436262
16190,-0.0381375044219139
16193,0.0527201820789967
16197,0.0200984292121631
16199,0.0476602472191707
16202,0.0509624531944397
16203,-0.0864295908271236
16209,-0.0638617706496181
16214,-0.1472154359506236
16217,-0.0655056998847288
16218,-0.0946278290167033
16220,-0.2683755978590709
16221,-0.0285510450250903
16223,0.0244322100272168
16226,-0.071166488444527
16228,-0.0465165538034618
16232,0.1134823999297186
16233,0.0467614061950825
16235,0.073163336611469
16236,-0.0412092663130286
16237,0.1313841422893728
16239,0.0848479211287582
16243,0.0135817238320773
16244,0.0300275614655332
16245,0.053944157311083
16247,0.0686259002501627
16248,-0.0290129081003533
16252,-0.0001656816405182
16255,-0.010765093449538
16257,0.1149451013393542
16259,-0.0001762920435945
16268,-0.0623490749115655
16276,-0.0164798166040919
16279,0.0281008014530442
16280,-0.0105785521518024
16286,0.0299872549513017
16289,-0.0485085012702262
16294,-0.0118166886552366
16295,-0.0632600480357861
16296,0.0366858104055834
16298,0.0490624380856394
16299,0.0566753603580788
16301,0.021127963064261
16303,0.0529846372096813
16308,0.0036287404250005
16314,-0.1427674993492855
16316,-0.0623981111472725
16317,0.0043877746875838
16325,0.0140173727208528
16333,-0.1028205746733892
16334,0.0310163428902621
16335,-0.0637718683310927
16339,-0.0173033334081556
16344,0.0140076625398478
16346,-0.0981501613519371
16349,0.0858578851888068
16356,-0.0859599021708292
16358,0.0098888641409349
16360,0.041823452421944
16362,-0.0147926234260398
16365,-0.1001017337546494
16366,0.0319363849801358
16370,-0.0147995714878657
16372,-0.0774853705707919
16375,0.0523792989881268
16377,0.0469464794618786
16382,0.0674458490430253
16383,0.052960817756176
16385,-0.1478565049484179
16389,-0.0350851499915261
16391,0.1590257945855301
16393,-0.0575346752281419
16400,0.0251712891310397
16401,0.0266147075772994
16403,0.0179059054286483
16404,-0.0851411123625665
16409,-0.119353755972068
16410,0.0650597978932762
16411,-0.025540720604961
16414,-0.0099873330069598
16415,0.0344038537137076
16416,-0.0645754321941441
16417,0.0660885951375088
16419,0.0419569728553953
16420,-0.1033216815020258
16427,-0.0872058207029512
16429,-0.0532016060355844
16430,0.0378812290445676
16433,-0.0114898079298815
16434,0.0545059643746879
16436,0.04863329587486
16439,-0.0991453882248242
16441,0.0855074832562366
16444,0.100312902865693
16447,-0.0641639144379975
16448,0.1424397283167773
16451,0.0663651176781488
16452,-0.0528691566711975
16455,-0.0605624753882801
16461,0.1047487004911358
16467,0.1401861679731079
16473,-0.0539496606313639
16476,0.0368005657270327
16479,-0.05154336325714
16480,-0.0234674964601978
16485,-0.0090489493201591
16486,0.0603960887401747
16489,0.0105297794783627
16490,0.0088300588109746
16491,0.0662935855864247
16493,0.0332908300885708
16496,0.0038121847265652
16500,0.0358139126462927
16506,-0.1037968205861302
16508,-0.0639588113030253
16510,-0.0028302766648353
16511,-0.0008218645219771
16517,0.0107168189455703
16518,-0.0974451542679378
16520,-0.0370132591395737
16521,-0.0461331607814729
16524,0.0024525307344758
16530,-0.0401241196359105
16532,0.1046955270868015
16538,0.0069372234882233
16540,-0.0257726094790579
16546,0.0192598981610728
16548,0.0642677988254962
16549,0.0409633084195604
16551,0.0568544277007539
16569,0.0855104835429192
16573,-0.0409581617289531
16577,-0.0586557282584312
16579,0.0995820138424622
16580,0.0249929065573462
16581,-0.0171401141460358
16582,0.0837812557189546
16583,0.0272592590595586
16585,-0.0230113865848658
16588,-0.0217602644219783
16590,0.0799550773482783
16593,-0.1200663193706193
16594,0.0614221640930886
16595,-0.0368532799715653
16596,0.0037222361065508
16597,-0.0114702472110319
16598,0.031856829076601
16601,-0.0738554709951886
16610,0.095737231753374
16613,-0.0473220882228027
16618,0.0148314433543949
16620,-0.0652017204448134
16621,0.1161570114752601
16626,0.0698323659430418
16631,-0.0341954165211519
16638,-0.0795374039027635
16640,0.0092387486754826
16641,-0.0414333008130575
16647,0.0497807448082737
16649,0.0435161467914258
16650,0.0825838416150968
16652,-0.0818921272413868
16656,-0.0838939334034238
16657,-0.0111112421168809
16660,0.0281052123375229
16664,-0.0280345035152627
16666,0.0572566053204686
16667,-0.0218694545047032
16668,-0.1037968205861302
16671,0.0387169422886312
16674,0.0474627873167194
16677,0.0891283084840101
16680,0.0699365732758263
16684,0.0927412414801278
16688,0.0332399829133462
16695,0.0174374126994602
16696,0.0105317215221394
16699,0.0697937077841415
16700,0.0233694418276885
16705,0.0298822821812194
16706,-0.0805887442299961
16707,0.0498352343653931
16709,-0.0609193608995009
16713,-0.1119013875933576
16716,-0.0566302627435656
16717,0.0585594515703664
16722,-0.0576396674586621
16723,0.0826980377665976
16724,0.0675731721531006
16733,0.053944157311083
16737,0.0936210382450298
16738,-0.092983729894855
16743,0.0407114869560371
16745,-0.0451436719968878
16747,-0.061929743277805
16749,-0.0801480890019384
16752,-0.0638997909934825
16756,0.0233577913313247
16757,-0.0309422338076482
16760,0.0182261037144207
16761,0.0662540976592295
16762,0.0363764148748424
16765,0.0268323783299518
16766,0.0620265785626276
16767,-0.1318896238998269
16769,0.0972539952267693
16771,0.138670243366267
16777,0.0233075532037246
16780,0.0898550992943536
16781,-0.1127592666350696
16783,0.0326807918348984
16784,0.0535536813000298
16785,0.0437552034631129
16789,-0.0403558720534437
16793,0.0515166044878546
16797,0.0339205512657397
16802,-0.0136704386616314
16809,0.0664987450550773
16810,-0.0084276348916241
16811,-0.0411329744065895
16813,0.0098821283808457
16814,0.026389774675665
16816,0.0055649474452208
16817,0.1035730372585968
16818,-0.0519234944287044
16819,0.0239734170815827
16821,0.0546361822307992
16824,-0.0439763140636746
16827,0.0282571760218623
16834,0.0519788232581395
16838,-0.0106610883658674
16840,0.0879677585062284
16843,0.0335564287505537
16845,0.0095707330776481
16846,0.082563268610276
16847,-0.017231582344691
16849,0.06314592147348
16850,0.0287460914911473
16851,-0.1251901521674032
16853,0.0165624037473605
16854,0.029049011189036
16857,0.0515078308385924
16860,0.1314086056455801
16863,0.0819033938856511
16864,-0.0971661964353231
16866,0.0838178034603574
16867,-0.0269018830523489
16871,-0.0623194415705781
16873,0.0147333841173389
16874,0.0412865326927687
16876,0.0552010615378239
16878,-0.0581032218259377
16879,0.0559506070237108
16882,0.0463469749367818
16883,-0.1012024235174249
16884,-0.0301286468452084
16889,-0.0310772075619218
16895,0.0276333191997271
16900,0.0715691437079691
16906,-0.1055030475697354
16910,0.0885269292963604
16918,-0.0535212440862067
16923,-0.0571387368794603
16924,-0.0672222862390528
16925,0.0224745323439926
16926,0.0265032129005456
16935,0.0041599802999158
16940,0.0599945284757425
16944,0.0979899888741892
16954,-0.0117921474591896
16957,0.0066439635267855
16962,-0.0566737686980411
16963,0.1139574300621226
16964,0.014822825964476
16968,0.0796499185888625
16970,0.0049066432654263
16973,0.0569824350456022
16975,-0.0130574698851025
16976,0.0521960553486492
16978,0.1211482895207615
16981,0.0124573432123672
16986,0.0447275967229414
16987,0.0500844486421875
16990,0.0626488940335387
16991,-0.0143351066718669
16997,0.0675731721531006
16998,-0.0151559495337023
16999,-0.0264765157956382
17002,0.0741424660180325
17004,-0.1146380578502297
17005,-0.0507871937552818
17009,0.0070667824756064
17010,-0.056481266400658
17013,-0.058332556848186
17014,-0.0103851887924557
17017,0.0176683682300285
17018,0.0419331654576934
17019,0.0836058206144224
17025,0.0035864120367716
17029,0.0531643955896847
17031,0.0594580283704512
17032,0.0819531798165733
17033,-0.0891606110376969
17034,0.1538426734817271
17039,0.1125544801997527
17042,-0.043111867115279
17043,-0.0838939334034238
17047,-0.0534263802284184
17054,-0.0431545384880697
17058,0.0154609344209032
17059,0.0213318870305718
17061,0.0422839797879678
17063,0.0795967353512822
17065,0.0531136899670372
17070,0.0419307979315807
17071,-0.0303068512015066
17075,-0.0876639463086527
17076,-0.0399800225325998
17080,-0.0487915185145898
17082,0.0233075532037246
17083,0.0270085148145783
17089,-0.0013163231469155
17095,0.0643744841779005
17098,0.0492317589613352
17099,0.0682357345672616
17103,-0.0313039994507911
17104,-0.0226883330324531
17106,0.0129012013365394
17108,0.0475074205763874
17114,0.0425921105453333
17116,-0.011819741684034
17117,0.043572842850584
17120,-0.0883914883487213
17121,0.0867861227490809
17122,0.1627547578482724
17127,0.0128670591711632
17130,-0.1022023020322562
17131,0.0279732392210925
17137,0.0286374692966841
17145,-0.0619914122525355
17154,-8.320795081757964e-05
17155,-0.0460444073530372
17158,0.0582658183326879
17163,-0.0071161101203627
17170,0.0733285243763946
17171,-0.1153094075289471
17172,-0.0820206931259293
17174,-0.1141451111712218
17176,0.0746207338792994
17180,0.0148026227417081
17189,0.093790961037077
17190,0.0232507552841274
17191,0.1147672235509304
17197,0.0162880780642392
17203,0.0275259411305447
17204,0.0545552637752978
17213,0.083019668476353
17215,0.0368030683620085
17218,0.0566987340380074
17219,0.0571109674132334
17220,0.111111386812507
17224,-0.070926337894884
17228,0.0688471777951462
17229,0.0412024504630143
17230,-0.0625396847353212
17231,-0.141046012284732
17232,0.0469482338589222
17235,0.0805935510436354
17236,-0.0002212937869538
17237,-0.0561974901001168
17245,-0.0474044686359809
17251,-0.0649316977687883
17254,0.0613727426750662
17256,-0.0493951017844076
17257,0.0029320843836489
17260,0.0280031479856278
17264,-0.0884626254977757
17283,0.043787649194688
17285,0.0563732382467148
17295,-0.1484450169534151
17300,-0.0278787404230277
17301,0.1133043420193792
17313,-0.0424252928302182
17324,0.0238606106659513
17325,0.0610837528709968
17326,-0.0639730003353228
17330,0.0293154648868419
17332,0.0322224799489539
17337,-0.1089347680966365
17341,0.0685180638786915
17343,0.0827005648334366
17344,0.053342917355201
17346,0.0077451517813918
17347,-0.0588448282682063
17348,0.0942163736956449
17353,-0.0025248589280792
17355,-0.0534105870689537
17358,0.0349121535592137
17365,0.0557050330534454
17366,-0.0121738925581631
17367,0.073163336611469
17368,0.0141688809402339
17369,0.1103564129784677
17380,-0.0384041100227423
17381,-0.0547917235096353
17385,-0.0654863818737154
17388,-0.0467182621426813
17391,-0.0353070511616578
17392,0.0365970183547738
17396,0.0579854425465165
17398,-0.0741308778519985
17399,-0.058758102566959
17402,0.0393724460948523
17407,-0.093898195272353
17409,-0.0820478712222683
17410,-0.2102722190151893
17414,0.0246723769335458
17420,-0.0560571478069223
17422,0.0206777984166764
17423,0.1117476019613242
17425,0.0141540472289798
17427,-0.1388888042409666
17428,0.0385923277044839
17433,-0.0167487664725725
17440,0.1108232493861618
17442,-0.0957067078302644
17444,-0.0754316040003846
17447,0.0142381195646031
17448,0.085672261590189
17450,0.0237315210649422
17451,0.0763945739426135
17454,0.0369250320068058
17456,-0.0951821344733305
17460,0.0195334408574847
17465,0.0275389306172038
17468,-0.0298006655301944
17470,-0.0252975131724404
17472,0.0687720892409028
17475,-0.0128686904686011
17476,0.0044810612396696
17477,0.0373331357915899
17478,0.0758032497958084
17487,-0.0331692140683698
17492,0.0664279122662297
17493,-0.0714273938614685
17496,0.0618566215032447
17502,0.095617991009874
17504,-0.1560345501343202
17510,-0.0125885329981197
17517,0.0392848498316999
17522,0.0326917104305605
17523,0.0401569911599382
17524,-0.0117288113368854
17526,0.0823947616170251
17529,0.1129597161398711
17532,0.0263975359214936
17545,0.0665631103695102
17546,-0.0983317782489262
17548,-0.110359661205873
17559,-0.0893296971428811
17561,0.0733103318849926
17562,0.0751612700487667
17563,-0.073748036750935
17564,0.0065588800616918
17566,-0.055860497320348
17567,0.0446005808317215
17570,-0.1002033803245232
17573,0.0263539970862468
17575,0.0959316630963822
17577,0.1446587072175822
17579,-0.0207239107886579
17580,0.0448034677594137
17585,-0.0871314225615554
17586,-0.0201827878204674
17588,0.0537176131629753
17589,0.0148901084232636
17590,0.033594891296033
17596,0.049998004197289
17597,-0.0155871234758371
17598,-0.0428816488641085
17599,-0.0699457988721979
17602,0.0825707539916264
17603,0.0381473293371091
17605,-0.0029921015419416
17610,-0.0844300809258026
17613,-0.0025416126880788
17616,0.0551919103329495
17622,0.0261373664998119
17630,0.018767015723916
17632,0.0428534503927356
17634,0.077107837532337
17639,0.004992760672317
17641,0.0242976256094621
17645,0.1096031719726612
17646,0.0631669929928891
17648,-0.1094326187290201
17649,-0.0753452373151516
17656,-0.067759623613907
17659,0.0221349330985731
17660,-0.0314940677183671
17662,0.0110926944077031
17664,-0.0766974013437021
17666,0.0360693935321581
17669,-0.0161881061769354
17672,0.0816327054595546
17675,0.0819690249103375
17678,0.053342917355201
17679,0.0659807686352538
17684,-0.1508429253078836
17685,0.0061104125585175
17690,0.1092197995776681
17695,0.0630506983097994
17697,-0.0010379948703657
17700,0.1075529241940032
17702,-0.0900548251646543
17703,-0.0065644790583268
17709,0.0733698070874529
17710,0.0345799759301126
17724,0.0187078356876417
17730,0.0735283770102992
17733,-0.0268277364920839
17738,-0.1049299376389192
17739,-0.0764254011013769
17745,-0.0547272986366253
17747,-0.0612405963887098
17756,0.0265032129005456
17760,-0.0464605675247195
17764,-0.0622809951647367
17766,0.0452555394894404
17771,-0.033831127660577
17773,0.0435366075730988
17778,-0.1251901521674032
17784,-0.0140695538588432
17793,0.058653973963998
17796,0.0714209257766962
17797,0.0652817357494928
17800,-0.1471288734086935
17804,0.0607063111515387
17805,0.0391047878997043
17811,-0.0578552226311095
17817,-0.1508429253078836
17826,-0.0503938622450622
17830,-0.0153204373887932
17834,-0.000639235307227
17846,0.0877513422705797
17848,-0.0547263985042872
17851,0.0063158890566968
17857,0.0399762379597825
17860,-0.0422513665535397
17861,0.0272173996394833
17863,-0.0720742655140667
17867,-0.0611113350063533
17869,-0.0537729622091239
17870,0.0505728379910779
17871,0.044399193243673
17874,0.0162008430021541
17880,-0.0593079705534157
17882,-0.0806728065696117
17884,0.0049601123457479
17886,0.0663948547506916
17887,0.037452204492193
17890,-0.0710295728939581
17893,-0.0587715489732642
17897,-0.0456085494490248
17900,0.0024380024515385
17904,0.0947135490449876
17906,-0.0480089983500241
17908,-0.0099052500917025
17910,-0.0796859679350881
17912,0.1049643190948234
17919,0.0481935817225775
17922,0.0741118832775676
17924,0.0191610700582819
17928,-0.1003280036464193
17934,0.0910151270669102
17940,-0.1157278953453471
17941,-0.1472154359506236
17947,-0.0553433291772321
17949,-0.0296174505012908
17954,0.0277924910136673
17956,-0.0284737089300562
17957,-0.012208971603325
17958,0.034738394948529
17961,0.0112074220162615
17962,0.0287610093371762
17969,-0.064071349215133
17972,0.0681276723496412
17974,-0.063411311104815
17979,0.0087857409928041
17980,0.0062590065606008
17981,0.0141688809402339
17987,-0.0894299514572835
17993,0.0733285243763946
18000,0.0768855066959415
18002,-0.0130561927061455
18003,0.017341958893646
18005,0.018818146601895
18007,0.1009823612651603
18014,0.0503847975902324
18016,0.0551007839291299
18017,0.0288297265802916
18019,-0.0842395381723425
18021,-0.0797481103708835
18023,-0.0514029514371412
18027,0.0233863186948849
18028,0.0545059643746879
18029,-0.0563046941479892
18030,-0.0081607366285617
18031,0.0386759646816724
18034,-0.046480551264835
18050,0.0436823780799408
18056,-0.0514763835328197
18057,-0.1315359052764836
18064,-0.0437172742676995
18065,0.0168262346855337
18066,0.0284795043245493
18067,-0.0920645101538549
18069,-0.0310344333741948
18073,0.0113115008668842
18074,0.0457134714614145
18075,0.0118102113586975
18084,-0.0537255172909712
18093,-0.0409084498008132
18094,-0.1143253168018582
18097,-0.1549719379342552
18101,-0.1027509388221507
18104,0.071975781288806
18105,-0.0168330390165982
18108,0.0768476637207884
18114,-0.0873193908552686
18117,0.0564330001079604
18120,0.0390601114985838
18121,-0.0567063459630301
18128,-0.1644044050037859
18134,-0.001607000010638
18135,-0.0321242990886748
18136,-0.0275183391578477
18139,0.0700196569896233
18141,0.0504229643173589
18143,-0.0193637955812961
18144,0.0458181547724769
18145,0.0669008785223766
18146,-0.0445149300708238
18149,0.0466447380823096
18152,-0.0296611396666579
18153,-0.0380009238374736
18157,0.1142549340103226
18160,-0.020068381049491
18161,0.0885033213291838
18166,-0.029993458146896
18170,-0.0611625040149072
18181,0.0678393918548489
18188,-0.1301492183159927
18192,-0.0148398463523369
18195,0.0300671129223407
18197,0.0421854171600493
18200,-0.0221321322576911
18201,0.0291840948086699
18206,0.054238259126819
18207,-0.0450610557098873
18208,-0.0243594244812577
18217,0.0554048939274128
18221,0.0779864661251457
18222,0.0327222308361816
18223,0.0066162677164017
18227,0.0958463043134073
18228,0.069054513351577
18232,-0.0953840480988345
18233,-0.0894198758565956
18235,0.0243258345534709
18237,0.0514051591772964
18242,-0.051023313870423
18244,0.1410718026279938
18245,-0.001607000010638
18247,0.0969778341924941
18250,0.0306421044844618
18251,-0.0376456327922558
18259,0.0908441825356312
18262,-0.0688755210038743
18264,0.0170253404901035
18267,0.0939485165008793
18269,0.0995446443952247
18274,-0.0612715590353475
18279,-0.122992304177204
18280,-0.0685869604309491
18283,-0.0069311183122416
18288,0.0480455282756964
18290,0.0107563977971487
18291,0.0149288939000458
18292,0.0312342950369956
18296,0.0515648553354131
18299,0.0644914275641958
18305,-0.033642680095164
18307,-0.0551262330399843
18308,0.0767540336554356
18310,-0.0434940314469718
18311,0.0286407829592151
18315,0.0128011127985296
18318,-0.0172445603873067
18319,0.005167953059772
18321,-0.0321194933357766
18333,0.0560528582451037
18334,0.0466414530527871
18335,-0.0306320500128149
18338,0.0690301031083573
18343,0.0592039015014552
18344,0.0247494845773688
18355,-0.1298250019815244
18356,-0.0762533665486946
18359,0.0542085453858574
18362,0.0737480054166112
18364,-0.168161939651209
18367,-0.0904196850231182
18368,-0.0111801673082077
18369,0.0625842316717527
18372,-0.0081725586086068
18374,0.0512928259907347
18375,0.084316072541678
18377,0.0412163281684862
18385,0.024899697652494
18387,0.0268803012127717
18388,-0.0131113926305979
18397,0.1054007162804636
18401,0.0053709043891307
18402,-0.1325984623104665
18407,-0.0250931976852565
18410,-0.0821878916579448
18414,-0.1122939054756938
18416,-0.0411069368608376
18421,-0.0589516766535749
18422,-0.0721836036221339
18426,0.0402188315479979
18429,-0.0048796130268204
18430,-0.0199530340857193
18431,-0.0065768976105418
18439,0.0460126076092452
18445,-0.0198423658854806
18449,-0.0136279105863983
18454,0.0918175977311034
18464,-0.0730465596830009
18466,0.012758350027153
18468,0.0724755451171925
18470,0.1241652151534486
18477,-0.0657565956610604
18478,0.0635130630628384
18479,-0.0815420160643841
18481,-0.0871225524229285
18484,-0.1253725547112239
18486,-0.0046309429480068
18489,0.0331393830523997
18491,-0.0320826625758131
18499,-0.0014606625593154
18502,0.1034523814516617
18503,-0.055036092868581
18504,0.0613025472006927
18506,0.0089156177052545
18507,0.0264048182061134
18514,-0.1506344546329847
18516,0.0301678919368476
18519,0.0707910687383076
18520,-0.0094886443241209
18523,0.0458148715318179
18524,-0.0313981079041288
18525,-0.0109039736924506
18538,0.0996777413332367
18542,0.0737494765537614
18543,-0.1566831554982677
18547,0.0729824953028829
18553,-0.0037903361743809
18562,-0.0727836112905268
18563,0.058516777446135
18564,0.0837416724577398
18565,0.0490179387997302
18567,-0.0462465476416199
18568,0.031467106253427
18569,-0.06071766440091
18579,-0.0183376300393873
18580,-0.022276025951286
18582,0.0264882144983571
18584,-0.1191953825889476
18585,-0.0717487299890777
18586,0.0102695331299443
18588,-0.0616837166469855
18592,-0.0072380606092005
18596,-0.0516130072172773
18597,-0.0087745663821385
18598,0.0203850805268623
18599,0.0545959190665604
18600,0.0745512478293505
18610,0.0908276866628818
18615,0.0987095537166746
18617,-0.0105844647463586
18619,0.0606065002915308
18622,-0.0214454917085874
18623,0.0507098101541862
18627,0.0269959477562989
18630,0.0121076280422839
18636,0.0408724215680096
18638,0.0875979170923982
18641,-0.0483345839009525
18642,-0.1288743121998498
18646,-0.0727388352457832
18648,0.1125843056707983
18653,0.066383791949113
18655,-0.1067370713755345
18656,-0.0157623889496362
18660,-0.050473323503838
18662,0.0434259968716232
18667,0.0077734490580097
18671,-0.0472023476902262
18673,0.0590984425603106
18675,-0.0923598031742898
18676,0.0518871625211439
18678,-0.0560665107423219
18680,0.0763851105203959
18684,0.0452846331090993
18686,0.0267423069993727
18689,0.0334742480201036
18691,0.0631388961929914
18693,0.0528966415886068
18694,0.0320473341731008
18697,0.0441588928467517
18699,0.0025749672297254
18701,0.0551256265628697
18703,0.0379373837803281
18704,-0.0642308343789579
18705,-0.1725123583995545
18706,0.0681406559094224
18707,0.0412369012411213
18708,0.0247280840361288
18710,0.0253311639399185
18711,-0.050977409814869
18713,-8.646044433099356e-05
18718,-0.0399639536850861
18724,0.0730238412464076
18726,-0.0332379429157951
18728,-0.0318581912301136
18735,0.0341007028758555
18736,0.0951763181800736
18739,-0.0533127918830494
18741,0.0166805109744346
18744,-0.0640797580198727
18745,-0.1116628346009554
18749,0.0153712892593766
18755,-0.0366011887214537
18757,-0.1047424052441856
18761,0.0263995603770297
18763,0.0394653687306973
18764,0.0476012263460479
18768,-0.0796347874382697
18769,0.099127060378463
18771,-0.0254828572993877
18774,0.0448654765779605
18780,0.0854722082427044
18781,-0.0293676528452192
18785,0.0512233675576976
18788,0.0341114005233851
18794,0.030552374045571
18795,-0.0160406575065835
18799,-0.0389956235342588
18801,-0.0381383503879298
18802,0.0441750897422805
18809,0.0857382143816735
18813,-0.0610582571377603
18814,0.0507628662612856
18815,0.0095674998160727
18816,0.0906190159410878
18819,0.0477856116426024
18820,0.0688275972316499
18824,0.0379722470440006
18826,-0.0493197888011594
18828,0.0647918289921817
18833,0.0285720101704419
18835,0.0498257915818479
18836,-0.0230799024737259
18839,-0.0644218935115758
18840,0.1141078233643796
18843,0.0391784509974068
18844,0.0602094653287075
18848,0.00734699202941
18850,-0.0457097350668739
18852,-0.1159010556189521
18853,0.0163244253303581
18855,0.0418331273053607
18861,0.0837740933061756
18865,0.0216888029387653
18875,0.0305806555037645
18876,0.0801552636048608
18879,-0.0402642037026972
18881,-0.0816781491969602
18882,-0.1174186384151674
18885,0.0336150547811284
18888,-0.0085236124084742
18890,-0.0509041598584559
18891,0.0131067900999488
18895,-0.0564687344769453
18897,0.0688480720340532
18898,-0.0758977003367048
18899,0.1033168691218235
18900,0.0384642169072537
18905,0.0766919694839762
18907,-0.0001635994239386
18909,-0.147541021501552
18916,0.041009792988402
18918,0.0171836057687945
18920,-0.0030550380111707
18922,0.0348504115155012
18928,-0.0496268278702917
18929,-0.1131527162013555
18936,-0.0021070979094069
18938,0.0669515766133924
18940,-0.0020621266174837
18945,-0.1418262528135008
18946,-0.0069005204298821
18952,-0.1390245991970617
18957,0.0321453934101569
18962,0.0401325165697326
18963,0.0583954571299668
18965,-0.0183587840914729
18967,0.0175932761470916
18973,0.0160239390613828
18976,0.0117507405610852
18978,-0.0047880629790063
18983,0.0228608896208331
18984,-0.0478478219238525
18987,-0.109167165498885
18989,-0.0596859612231012
18990,-0.0254828572993877
18991,0.0544911612006343
18992,-0.1491752296501107
18996,0.1139451741969589
19001,-0.0955209721812107
19004,0.0128191012667309
19008,-0.0550202788415776
19012,0.0709477748851489
19013,0.0687656678600886
19021,0.0371477262835942
19029,-0.0328111542145589
19032,0.0156351152268932
19036,0.0908535478223313
19045,-0.0179550028361033
19047,-0.0015946576726319
19051,-0.049689727605738
19052,0.0297926865979187
19056,0.0243123042525484
19063,-0.1587541491758316
19065,-0.0928161816540901
19067,0.0843123895714516
19078,-0.004751979062343
19081,-0.0785266101508135
19085,0.0548172452888568
19089,-0.0168470812438669
19090,0.0352657649348604
19091,-0.0264087305104968
19098,-0.0653486226515962
19105,-0.0363573039972628
19109,0.002945947092844
19110,0.078166659492788
19112,0.0031799024994581
19114,0.0749622324126456
19117,-0.0483982560945203
19118,0.020625887901192
19126,3.076700053561104e-06
19128,0.0632086324249684
19129,0.0821134961380004
19131,-0.0213362806815231
19136,0.0626270941681316
19138,0.0269132725836998
19141,0.0744733923547097
19144,-0.0675815843123674
19147,0.0569905189339556
19151,0.1047485853266855
19153,0.1331816496169034
19154,0.0887042914732519
19160,0.0460566406516878
19162,-0.0857211713157188
19163,0.0556177340605817
19165,0.0216727487418738
19166,-0.1684456725219422
19171,-0.0421971320019287
19177,0.0458552698997232
19182,-0.1108554139604646
19184,0.0328296191142703
19186,-0.0573046823601636
19187,0.0410469986136145
19190,-0.0665263992868694
19192,0.1117266163920285
19193,-0.0797359036302874
19194,-0.0265462952382913
19205,-0.0514267002296948
19207,-0.0418910863675109
19208,-0.1666574870128931
19219,-0.0081842061987442
19220,-0.0109703830532708
19221,0.0153393573666
19222,-0.0693475006393689
19229,-0.1326335372644827
19231,-0.086244618940515
19232,-0.0569077315453332
19234,0.0662835217974507
19240,0.0179286956089197
19243,-0.0170085770571182
19244,0.0157729993911794
19248,-0.0452495736371435
19249,-0.0376263932711497
19250,0.0990635427145834
19251,0.1120874740690318
19252,0.0583615660945008
19254,-0.1069861343477633
19256,0.0018404012314029
19257,-0.0219190388224591
19258,0.0902821243287323
19265,0.0276473466135541
19267,0.0225208126461724
19269,-0.0717769268187779
19270,-0.0375089013935321
19272,0.0368113990624359
19273,-0.0496469086547753
19275,0.044105519105743
19277,0.0238006196662125
19279,-0.1664001386225448
19280,-0.1388241281913992
19281,0.0473093840964575
19283,0.0189741744941719
19284,-0.0160291512415624
19285,0.0617528149418531
19289,0.0364520626418826
19294,0.0683365591350476
19296,0.0086703324161747
19297,0.0752160221443319
19298,-0.0268418796741737
19301,0.0229592682312139
19309,-0.0462353511112392
19310,-0.0240366360901592
19314,0.0687656678600886
19320,-0.005088344127775
19323,0.0163027844121799
19325,-0.0909069869503465
19327,0.061597214092394
19329,-0.1055255950237589
19333,-0.0426219334149224
19335,0.0057979151520361
19336,0.0702829097077111
19341,0.0860671389105631
19345,-0.078668898893386
19346,0.0312557247964932
19350,-0.0673561592316372
19351,-0.1596704755179863
19353,-0.0837278440770134
19354,0.0838050763547219
19355,-0.070189341066661
19356,-0.1696910765250029
19357,-0.0106260794558358
19361,0.0410750544335132
19362,-0.0546843663526261
19368,0.0802416642982102
19370,-0.1517630918105504
19371,-0.0573470229737146
19372,0.0446522585928951
19375,0.0462458336016808
19376,0.0076441247260596
19380,-0.0555221014788555
19381,0.1028540939802386
19382,0.011286896871335
19383,-0.0396375317988937
19385,0.086373573512795
19386,-0.0907893421109823
19388,0.110427372615404
19390,-0.055883107124865
19391,0.0419482088337836
19400,-0.0081490847992285
19405,0.00515871209302
19411,0.0713455313785821
19413,0.0682216816394126
19420,-0.0619363377582092
19421,0.0057780704508066
19423,-0.1094571333492021
19424,0.0707154203241829
19425,0.0503839334183967
19433,-0.1327799286507485
19435,-0.0707588270492575
19439,0.062121544000071
19440,0.0193693093487498
19445,-0.059392464355512
19449,0.0597349113704019
19451,0.0479266385115075
19452,-0.0171053690214001
19453,0.0372165438907315
19455,0.0498732982756837
19466,0.0038221905916145
19468,0.0266134834327821
19472,-0.0402335161187052
19477,0.0657368049566379
19478,0.0392756182640604
19481,-0.0631623469133482
19485,0.0339260110453052
19488,0.02151440237152
19500,-0.0824617069633611
19505,-0.0139902682063295
19510,0.0517356644214023
19512,-0.0160746694324239
19516,-0.1420829568582986
19520,-0.0562475135507808
19523,0.0535018966300446
19527,0.095266224562124
19531,0.0667667982711466
19533,-0.0821832695791869
19537,-0.0495848729473843
19543,-0.0036435543260558
19544,0.0087507540303527
19546,0.108120836553127
19548,0.0585706567153021
19549,-0.1517989688959175
19551,0.0296350838520107
19553,-0.0209415345780813
19563,-0.0450436851752244
19568,0.026477258347122
19570,-0.080222067559717
19572,-0.0024573850266684
19578,-0.078821690811779
19581,-0.0713272991606911
19584,0.0218816082712497
19588,0.0031653555518574
19594,0.0151949418074064
19595,0.1494601902296156
19596,-0.109167165498885
19606,-0.0696767334450983
19619,0.0459005639381246
19621,-0.0169446814631329
19624,0.1082943781977532
19628,0.0416749952453327
19629,0.0153465429359677
19630,0.0434915209292948
19652,-0.0906432779374028
19653,0.0529655798124516
19654,-0.0664269112335547
19657,-0.0736109780630642
19661,0.1171456875392869
19670,0.0874939885012625
19677,-0.1138413999968681
19679,-0.0594543627821422
19680,0.0153051732797331
19685,0.0743612897315589
19691,-0.0487444175432541
19696,0.0869625302636085
19699,-0.0741100093904623
19702,-0.0399410051660251
19703,-0.0699211267530868
19704,-0.0357899672470113
19709,-0.0384053475677498
19710,-0.0385534479413869
19717,-0.0550665742638261
19721,-0.0136607835567701
19727,-0.002862829914211
19729,0.0241185670793756
19730,0.023937786528774
19733,-0.1199956351684757
19738,0.0893315088134054
19739,0.0248039254943868
19742,-0.0614783793578519
19743,-0.0795207623661727
19744,-0.0325650825139438
19745,0.0043549918412089
19747,0.0969001241575468
19759,0.0916734380621675
19765,-0.0729079628388756
19766,0.0339469071949032
19770,-0.0126610867707924
19771,-0.0114669483070105
19785,0.0395288219470286
19790,0.0870308663737716
19793,0.0135822428054655
19795,-0.0755769384465865
19800,0.0896019981826665
19804,0.0807473842481666
19805,-0.0314822138459531
19806,0.0292155013040609
19808,-0.0641024803570902
19809,0.0148996861555738
19810,0.0791369458244654
19816,0.0044586176400619
19817,-0.1599053171324396
19821,-0.0338475279053546
19826,-0.0313288751756356
19828,0.0252641353620492
19832,0.0683372978181673
19834,0.0381274093014406
19835,0.0781600839732083
19839,0.0218249534930597
19842,-0.0199049815782166
19844,-0.0604685891856929
19855,-0.0198961243908777
19856,-0.0550690773966194
19857,0.0671569627408695
19866,-0.0872871184603058
19868,0.0412369012411213
19869,0.0357247982113578
19874,-0.0550665742638261
19875,-0.1107169791040738
19876,0.0227325617433363
19882,-0.115881180712528
19884,-0.0471667604884722
19885,-0.0389894489895036
19891,-0.0463773703370801
19894,-0.0654626737245062
19895,0.0971809361887755
19901,0.0142898485233192
19909,-0.0178542430411795
19910,-0.109167165498885
19912,-0.0785913115747563
19914,0.0049722108215182
19925,0.0429458008881528
19927,0.0526854763273389
19928,-0.0399270022427891
19932,0.0157512714767203
19934,0.0285935356321529
19935,0.074825480367552
19943,-0.0074301501613778
19944,-0.1799547095867797
19948,0.0084942073302745
19949,-0.0636992811939572
19951,-0.0157459705050845
19952,-0.0857116881302479
19955,-0.0546055732863968
19956,0.0790540370019977
19958,0.0725004955466028
19960,0.0769736787175431
19963,0.1102909665670896
19970,-0.1259453313178847
19975,-0.1138277394233968
19981,0.1158105672888765
19983,-0.1121327482870342
19985,0.0374659572574067
19989,-0.0670914800750249
19992,0.0266574446459201
19994,0.0199207744798988
19999,-0.0616428347318315
20006,0.062698286765678
20008,0.0433126003006062
20012,-0.0671357860406331
20013,0.0670586792627053
20018,-0.05887941789392
20020,0.0446223569676441
20021,-0.0546357327606132
20023,0.0954777573770302
20025,0.0300207551483963
20026,-0.1677176182982537
20027,-0.0581841426391364
20028,-0.0490456683693365
20030,-0.0086379586760774
20031,-0.1647137402273501
20033,0.0775239722291077
20034,0.0282320741139213
20035,-0.0464339307927464
20036,0.0017144450728404
20037,-0.0567123996741142
20039,0.0493745964088614
20045,0.0744089194143437
20046,0.0886901003195738
20048,0.0298815814237391
20051,0.028486657682661
20053,-0.0821092837676742
20054,0.111522405929249
20055,0.0114940623132138
20057,0.0088335513518943
20058,-0.0620358759277204
20061,-0.0327688953793591
20063,0.0908623750545257
20069,-0.0852098309271129
20072,-0.0615688621772068
20073,0.0440713596524158
20075,0.0308361788922418
20079,0.0529884310974037
20082,-0.0094765268868554
20085,-0.0570698195173533
20086,0.0198740037788448
20094,0.0291327599037166
20098,0.0393777912449855
20102,0.062441824037273
20103,-0.1421203178071799
20114,0.0679849489454803
20115,0.0540316609230529
20116,-0.0670161317410153
20119,-0.0285912868977763
20121,0.0881398201230871
20127,-0.0167965223674625
20129,0.0557382437399456
20136,0.0262130683412664
20139,-0.0602557947045976
20140,0.0208815908291623
20141,0.0309340984098739
20142,0.062188333647387
20144,0.0219287672422293
20146,-0.1030063674453588
20147,0.0876187428910215
20158,-0.0586209618941755
20162,-0.0280122339153353
20165,0.0683061358115586
20168,0.066532716734657
20170,0.0713479554025843
20173,-0.1328094314559569
20178,0.0889306175069418
20182,-0.055306799328667
20188,0.0520610630912429
20195,-0.0171182184524503
20197,0.0300633836292473
20199,0.0788071319098608
20207,0.0268791318443443
20210,0.0867896854619893
20216,0.1037020684885933
20217,-0.0361465639041346
20220,-0.0356313872673278
20221,0.0462450429637239
20224,0.0445553030465699
20227,-0.0712806835231095
20231,-0.0242391161057217
20236,0.0703804827087287
20239,-0.1327359542122934
20242,-0.0964939042974612
20243,0.0956568049706778
20244,-0.039204718822399
20247,0.0389113542621218
20253,0.0544968469432626
20254,-0.033333839955526
20268,-0.0325003120067473
20271,0.0176953278072562
20280,-0.0152691466728731
20287,-0.0857140434519737
20296,-0.0283865602511335
20297,-0.0072049724023161
20298,0.0818683585736931
20299,0.0847468245019997
20300,0.0337244386179012
20301,-0.0341397291037459
20309,0.0204418642869246
20311,0.0897098730059013
20315,-0.1514064917719094
20316,-0.0424024902911922
20318,0.0473584393169319
20319,0.0711182427028834
20320,0.0862612460747145
20323,-0.0461923389914828
20327,0.0621784323512571
20328,-0.0631033546781284
20334,0.0895529999624927
20337,0.0596363401869145
20343,-0.0540136851491183
20345,0.0132942399001915
20346,0.0587578919458418
20347,-0.0335630607461328
20351,0.0383734549028468
20352,0.0245063215646493
20355,0.0145824772693946
20362,-0.0594984859773707
20364,0.0593061644286276
20365,0.0126100918015093
20370,0.0093506402929876
20374,-0.0403756804266822
20381,-0.0835118083336766
20382,-0.0387806352817698
20385,-0.0352862662491625
20394,0.0868161464765639
20395,-0.0859652804866986
20404,0.0771654440305925
20408,0.135274733342992
20411,-0.0390419977382268
20412,0.0379304899427708
20414,-0.0419396003923115
20417,-0.1107169791040738
20419,0.0785809107360756
20423,0.1143897476057727
20427,0.0468251256005523
20429,-0.0374736721372413
20434,0.0159278978274296
20436,-0.0769132561720706
20437,0.1608552204623001
20439,-0.0298510876203519
20446,-0.1359122785270127
20448,-0.0956327856023899
20452,-0.0307707688820478
20453,0.0127603207001482
20458,0.0436048748168671
20459,-0.0800832941612561
20460,-0.1432085710616059
20463,-0.1663916080332689
20467,0.1185964379830613
20471,-0.0003742116979275
20476,-0.031200526609785
20482,0.0013222910511218
20487,0.064700313875776
20490,0.053360439384708
20491,-0.1061008844672467
20500,0.0526329752236962
20502,0.0231577428159544
20503,0.0602630779474238
20505,0.0474727543199385
20506,0.0019248150076215
20511,0.054790243632946
20512,-0.061788507345251
20513,-0.0722827063985319
20515,-0.0567747853233125
20516,-0.06280187769678
20518,-0.0506851940572438
20521,0.0134764737068853
20522,0.0474864290206274
20523,0.0825382041707763
20527,-0.1380505796833744
20533,-0.0383735564457581
20536,-0.1668167748580164
20537,-0.0297351554660343
20540,0.0859623455435
20543,0.0087025414357756
20545,0.081051907709718
20548,-0.0055529477028585
20550,-0.0575441162935665
20564,0.0179114593634623
20565,-0.0268420750227137
20566,0.0843337687836057
20575,0.0042952859329978
20578,0.0266446340860502
20580,-0.1459318989623098
20581,-0.083072866029548
20584,0.0267742623250331
20585,0.0185030743743868
20588,0.0214881125411201
20590,-0.1568484213943828
20591,0.0371245517014336
20593,0.053458498621764
20608,-0.0495438324329976
20610,0.0163171910053981
20611,0.0527335275207396
20614,-0.1333749861174181
20615,-0.0720663196215352
20618,-0.0083010852873739
20621,-0.0027131660454726
20622,-0.0751892519528679
20623,0.0291528238675745
20626,0.1494355119236661
20628,0.0822060645179016
20633,0.076541418506143
20636,0.0747497431768877
20639,-0.0047458820677121
20640,-0.1334403749824886
20644,-0.1178777071826008
20646,0.051616848709039
20647,-0.0628416975375698
20649,0.071706742086111
20652,0.0645852196168652
20656,0.0305788122808262
20659,-0.1462505657257193
20660,0.0353948858974878
20661,-0.0133631197735099
20663,0.0744803373306607
20664,0.0139750296084474
20666,0.0490327053645549
20668,-0.0243209085468376
20671,-0.0340430649857648
20676,-0.0775564961147516
20677,0.0317402337376849
20678,0.0956958912162705
20680,0.011544663292744
20684,-0.122163331760754
20691,0.014987409834631
20696,0.0351599499085264
20697,0.0174157294738418
20708,0.0154500343342181
20710,0.0058033247832358
20712,-0.1344321993397913
20714,-0.0420070633393892
20715,0.0282361487117435
20716,-0.1179891405743777
20718,0.0712765176041846
20719,-0.0048732297521613
20723,0.0694025980298706
20724,0.0493329053719378
20728,-0.0535985377390932
20734,-0.1009880131108726
20737,0.0519067117763711
20738,-0.03075545573991
20739,-0.0007578898772468
20741,-0.0571302083361926
20742,0.0226522049957606
20743,-0.0530768790442756
20746,0.0331677878155843
20747,0.1179619786053037
20752,-0.0505315605863438
20762,0.025962355863111
20763,0.0222977571174311
20764,0.0829829258068091
20765,0.0641585903936807
20767,0.0509483959464561
20768,-0.0140603107309971
20771,0.0362507372245148
20772,0.0221903256763857
20778,0.0597342840944527
20779,0.0166608692311649
20785,0.0271305990646076
20786,-0.0243209085468376
20794,-0.0531810940849149
20796,-0.0827379799090793
20802,-0.0273127382224654
20807,0.0345424644505105
20809,0.0155913172264659
20816,-0.0848730003689474
20817,0.0621847561184244
20818,-0.0483828919632019
20819,0.0721676018715019
20820,-0.0943368878877541
20821,0.0967119975769011
20825,-0.0568491212208655
20830,0.1097611855259208
20832,0.0321140633750524
20836,-0.0181949182835985
20844,0.0691262072196072
20845,0.0798409278157964
20849,-0.0145619114682993
20850,-0.0326596860914526
20854,0.0637998624526444
20859,0.0575344589302154
20865,0.0324227965805407
20866,0.0288487799604411
20872,0.0546240707491852
20873,0.0854181846299003
20874,0.0855776020469891
20875,0.0522607652202541
20877,0.031189304215353
20881,-0.0486971157194175
20884,0.0939382807462659
20886,0.0669848840023543
20890,-0.0406896855878985
20891,0.0577938651098638
20893,-0.0018863091996354
20899,-0.0556105833809988
20901,-0.0595149239588155
20904,-0.0234202269939027
20906,-0.0634751010299706
20907,-0.0095257420249915
20910,0.0803183480171667
20914,0.0238613762281218
20918,-0.0043769583273391
20926,-0.0552201477956835
20927,0.0690673654078214
20934,0.0353280268161663
20937,-0.0841505291449491
20943,0.0202555414952037
20944,0.0095242875935117
20945,0.0123688714857602
20947,-0.0099171105158008
20948,-0.0477424374800517
20950,0.0072341519461627
20952,0.0277681356002106
20953,0.0813489513611244
20957,-0.058722846037122
20959,0.0322291634918832
20965,0.0239086643951203
20970,0.028378059331815
20971,-0.0436307472943374
20974,0.0262630069123955
20977,0.0239659988742554
20982,0.077350251433031
20985,0.0386482782296241
20987,-0.0103813572290621
20992,0.051842652670354
20994,-0.1076563193209354
20995,0.051861993773986
20996,-0.0646171539325709
20997,-0.0611849627317674
20998,0.1085133941759842
21006,0.0308361993902514
21007,-0.0484975446315089
21011,0.050640528719926
21014,-0.15423877187626
21019,-0.1156589009035035
21022,-0.0377699606331675
21025,0.0908147409198908
21026,0.0950522013374639
21044,0.0902647699168754
21049,-0.0600646051634176
21052,-0.0577775834781699
21060,-0.116254786547548
21063,-0.0019950263125348
21065,-0.0648708521292428
21066,0.0312493754730505
21067,0.032000594605813
21069,0.0270007150078097
21070,0.0229792049481336
21071,-0.056028404920402
21073,-0.1664926635954923
21076,-0.0014538329246503
21078,0.0775781758981354
21081,0.0544002666540205
21082,-0.1265484423378895
21088,-0.0522731858805654
21093,0.0701741179786622
21094,-0.0481158470054766
21095,0.0867890947817021
21103,-0.0563061921840432
21104,-0.1065523622308672
21105,-0.0709924275989579
21109,0.0573046882179224
21111,0.0550637326764147
21112,0.1350656187165403
21113,0.1072320793266716
21120,-0.1166327086895402
21123,0.0546787093157718
21124,0.0212467320458368
21125,-0.0353329446353196
21126,0.0471121879819337
21131,0.0399952377779781
21133,-0.063824228045195
21138,-0.0072651741729141
21141,0.121455109924333
21144,-0.0629745541603086
21145,0.0836713758432132
21149,-0.0319898431805484
21150,0.1096554856133997
21153,0.0725387463679487
21154,-0.0385917763929622
21155,0.0474864290206274
21158,-0.0233368107370314
21161,-0.0637200732564507
21162,0.0502903301560899
21170,0.0202221066431422
21182,-0.0462809091922331
21183,-0.0848839621623852
21184,0.0375073221112054
21191,0.0849206291002299
21200,-0.0497105056489533
21206,0.0319728938777599
21208,-0.0118813358167616
21210,0.0475949400749926
21211,-0.0674830797869305
21213,-0.0520817559810521
21214,0.0701767977547557
21218,0.1357959477950742
21219,0.0657832764838084
21223,0.0092588517512041
21224,-0.078550262477223
21225,0.0615697944568559
21226,-0.1120813381023597
21227,0.0543294929061625
21229,-0.025265074814141
21233,-0.0800946502156872
21237,0.0485157244212662
21238,-0.041349298076741
21239,-0.0470468929391493
21241,0.0965736475573492
21242,0.0609276875709478
21244,0.0242815927773597
21247,0.0357429538112349
21248,0.0161125967483791
21250,-0.0415181357820968
21252,0.0390713241390539
21253,0.0346480842868551
21255,-0.0391167330174472
21257,-0.1004991833812137
21263,0.063573631748652
21265,-0.0530870490673131
21268,0.0980520545558784
21270,0.072931930347301
21277,0.0931643657509002
21281,0.0474387550375753
21289,0.0942298800771667
21290,0.0930950027622269
21291,0.0215415041814017
21293,0.0390870807989016
21296,-0.1211301588314189
21299,-0.1279534385004825
21303,-0.0282100346626001
21310,0.059451432088875
21313,-0.0541850399278252
21316,0.0692852840963548
21319,0.0112670717478291
21322,0.1008656890199846
21327,-0.1145348124457695
21328,0.0261270514862321
21329,0.0758691097297015
21330,-0.0899085395175049
21333,-0.0769132561720706
21336,0.0718771889947227
21341,-0.0331658951265989
21342,-0.1159660696246593
21346,0.0143568464507234
21352,0.056537193092316
21353,-0.0554286504904417
21357,0.0508724799514211
21358,-0.0564512750507461
21359,0.0458851365738787
21360,0.0045366028459946
21362,0.1458427621554486
21364,-0.1179891405743777
21365,0.0838362558970353
21367,0.008004946920461
21368,-0.097322066749006
21373,-0.0869155985515775
21374,0.0380690223538457
21375,0.0127536787303568
21380,0.0616224331394124
21385,-0.0160466125906298
21388,0.0031267805586007
21395,-0.0588221350669218
21401,0.0434139764202378
21402,0.0410913573317528
21404,0.0692852840963548
21411,-0.049096082919641
21421,-0.0517732240531188
21422,0.0771074711712617
21424,0.0152609716667424
21426,0.0751087238108137
21433,0.1162075898070892
21436,-0.1430081814831508
21437,0.0353716784902465
21439,0.0540988966693824
21441,-0.0337829071048037
21442,0.0306279303777047
21443,-0.0033186972144862
21446,-0.0499846381493395
21448,0.0160810833380193
21452,0.0579563471454121
21455,-0.0755213615679899
21461,0.053275904440799
21463,-0.0228441230622803
21464,-0.0926824880859701
21465,0.1158016955822764
21467,0.0535797751331253
21472,0.0647668260464901
21473,0.0560196866319213
21474,0.0791776802253889
21476,0.052770648699172
21477,-0.0723852346453168
21479,0.0277385864551247
21486,0.0933242556464317
21489,0.0749967567508765
21490,-0.2211002419378263
21498,-0.0579910245429782
21501,0.0321197611657779
21502,0.0716816303517673
21503,-0.0296218817495453
21504,0.0395279735896331
21505,0.0215421411881095
21507,-0.06634496569083
21508,-0.0456373463149373
21509,0.0132847688596867
21510,0.0395876338678066
21511,-0.0382725505757324
21514,0.1475014642378805
21516,-0.0541772307918328
21517,0.0385108829218981
21521,0.0361448127091254
21522,0.052770648699172
21523,0.0160145375113231
21524,-0.0605450798109093
21528,-0.121842715888816
21530,0.0477880581907987
21531,0.0662984113966976
21532,-0.0853889926794548
21534,-0.0366975380476215
21540,-0.0522866251948012
21541,0.0240890938737695
21543,0.0545393738387148
21545,0.0239643589753431
21546,-0.0528196639990939
21548,0.0793474075477932
21549,-0.04469460743831
21550,-0.0450331274738078
21551,-0.1187989665113242
21552,0.069433830106374
21558,-0.1063492041779813
21559,0.0883779027391075
21561,0.0532916461601372
21568,-0.1272736017794493
21573,-0.0611349986768219
21574,-0.0044341542808635
21576,0.1113502362536261
21579,0.020364418063032
21580,0.0321587215647418
21582,0.0659839669294793
21588,0.0871300913276125
21592,0.0682256320716509
21594,0.0270457132340771
21601,-0.0626022800896156
21605,-0.0384952536294353
21607,-0.072656462833639
21610,0.0166608692311649
21613,0.0922454806138709
21618,-0.036821840527115
21620,0.0046591410931953
21623,-0.0364602141120006
21635,-0.0159409312534059
21636,-0.0569353530105181
21640,-0.1259029011782549
21643,0.0243524741689161
21649,-0.0123720296535495
21657,-0.0875168546043869
21658,0.0310355655100498
21659,-0.0614725296332061
21668,-0.0431978934702334
21671,-0.0024814077857523
21676,0.0737398711772189
21677,0.0750589771736263
21678,-0.0717831446329535
21681,0.0315015021179942
21686,-0.141474181480876
21690,-0.0493674466716257
21696,0.0281842044019405
21697,0.0843178744658895
21698,-0.0290088188430991
21699,0.0983957609586044
21700,-0.1302621563073316
21704,0.0857774308995862
21710,-0.1332375489409487
21716,-0.0834167210499359
21717,-0.0785155650208423
21719,-0.0086683818778332
21722,-0.0620888139403998
21728,-0.0273665580202745
21731,-0.0010117021601736
21735,-0.1202158867939803
21737,-0.0299996184428741
21738,-0.0813343196026154
21739,0.0462572841466353
21745,0.0525722032813905
21750,0.0004635726863546
21754,0.0352892703723511
21755,-0.0938966927343188
21756,0.0170018207900398
21762,-0.0278957928917586
21764,-0.0366743217727762
21767,-0.0080936459941094
21772,0.1119546552258121
21774,-0.0865104202175655
21779,-0.0546601790119296
21780,0.0090680480204529
21784,-0.0108720628790706
21785,0.0385658198986861
21787,-0.0107994181550283
21796,-0.0192356520323701
21802,0.0050511850113917
21803,0.0489739525296434
21804,-0.0398877256924728
21807,0.048586845370235
21810,0.0490153290127252
21814,-0.1379261346101887
21816,-0.0640647015561696
21818,-0.0139638279160501
21819,-0.0521039431408019
21820,-0.0567926105157246
21822,0.0769828882386349
21825,0.0383502333397077
21827,-0.0524209011214596
21831,-0.0564194101767071
21832,-0.0436738384797662
21836,0.02001537155836
21841,-0.0165905251395969
21843,0.1367052114162639
21853,0.1034681156032333
21855,0.0689169194444753
21857,-0.0560260548569764
21862,0.0391063937910908
21867,-0.0641045522420294
21868,0.0977708066647148
21872,0.0907606239577936
21873,-0.0049662473681761
21879,0.0071840999437486
21881,0.0291845750216417
21888,-0.0292248334898755
21893,0.0985938810661386
21894,-0.0591047368710365
21895,0.0751589624992735
21896,0.0455315842521042
21902,0.1451458319907788
21903,-0.0529644513363598
21907,-0.0414581892776246
21908,0.0730554399030061
21909,-0.0041314686624534
21913,-0.089142242959284
21917,0.0723562461974372
21918,-0.0530580448573394
21920,0.0716361804248274
21921,0.0408665848387312
21923,-0.018679365868169
21924,0.0358877164381022
21926,-0.0308891569401341
21931,0.027114188516904
21932,-0.0667116328750279
21933,0.1129629760910041
21936,0.0118767928833277
21942,-0.0244109533558777
21945,0.0282842767833361
21946,0.0138534352129581
21950,-0.0688532445121298
21951,0.0378141690107897
21956,0.0971732430750205
21960,0.0221203362938157
21964,0.0095980262031673
21971,0.0141666125047532
21979,-0.0416403759653142
21986,0.0197657078746562
21987,0.019805033669945
21988,0.043316435565841
21990,0.0391499108906059
21991,0.0698564214361032
21992,0.022102407347971
21995,0.0812832275547599
21997,0.1210421169474679
21998,-0.0675436931136455
22002,0.0050596702020028
22007,0.0446386297887079
22008,-0.0947494641055819
22009,-0.0547185443008138
22012,0.120233094776324
22014,-0.0587487589518023
22015,-0.0619524562259036
22016,-0.0170126039981838
22017,-0.0742062505823724
22018,-0.0624192221289242
22020,0.0267583387554697
22021,0.0221238982153586
22024,0.0725641940378454
22026,0.0751068416829854
22031,0.0893777114115204
22038,0.0596197149243015
22041,-0.0494727783783842
22043,0.1069592486565576
22044,0.0680911228166691
22045,0.0461645288222138
22055,0.0106419299417049
22057,0.0123592053551327
22059,-0.087733247719296
22068,0.0263959722754628
22072,-0.0892341701728774
22076,-0.0867248589891261
22077,0.0163279674435947
22078,0.0604933201181253
22079,0.0548464725340352
22085,-0.0691202028376849
22087,0.1634365725223609
22088,-0.0270161350434607
22091,0.0851855587817228
22098,-0.0359705402375785
22099,-0.0050348412197653
22102,-0.0644573877016922
22109,0.087086615819353
22110,0.0324069996246316
22119,-0.1492637580746566
22123,-0.0895166486640694
22124,0.0670284919543082
22125,0.0061331748132925
22126,0.0127407406373795
22131,0.0852830360852983
22133,0.1261835527108456
22134,0.0306538725347091
22137,-0.0166437311873284
22147,-0.1117646335683888
22149,0.0034600906032107
22150,-0.0540428510475746
22153,-0.1109592126510345
22157,-0.0272546744205837
22158,-0.1163642545453262
22161,-0.0415239110463137
22171,-0.0201186071303924
22173,0.0441872364478255
22174,-0.1195445490202974
22176,0.0405981005432817
22183,0.0629131787477668
22184,0.0476340136657013
22185,0.0572788421051254
22191,0.0240303133183533
22196,0.0398153811671888
22197,0.0012930368691336
22200,0.0504251507565252
22201,-0.0142291765272968
22207,0.0394833201925926
22209,0.0160334608485963
22212,0.0525722032813905
22215,0.0694850022038352
22216,0.043098696614435
22219,0.1011626693961913
22220,0.025422703863204
22222,0.030242238618554
22226,-0.1362495316477718
22241,-0.0837853520279046
22247,-0.0761071399368307
22250,0.0761233963431974
22253,-0.0243397822983528
22254,-0.048385868949937
22255,0.074992762488239
22265,0.0278489654400074
22267,0.0961568576594145
22272,0.0816403958383124
22274,0.0145295092854895
22275,0.0269804273081718
22281,-0.0414483093412059
22285,0.0332458778657018
22289,0.0089318806767568
22291,-0.1506953822574942
22293,-0.0698053015215255
22297,-0.0079493845515321
22300,-0.0680552460260626
22301,0.0977708066647148
22307,-0.0424027027566404
22309,-0.053832384460776
22310,-0.0224082963601517
22319,0.0283278490600598
22323,0.1046032758194765
22328,0.1406011175083833
22331,0.0938104455578263
22333,-0.1395008952306524
22335,0.0359367481558635
22337,0.1160949204591991
22341,-0.0459451412083692
22342,0.0837109158591938
22345,-0.0043581285403384
22347,0.0965736475573492
22350,-0.0692979399524127
22355,0.0318263996311414
22356,-0.1125157860315734
22360,-0.0048971463076142
22367,-0.0581243878358925
22369,0.0271389208425362
22376,0.012917143968546
22377,-0.1295110028196398
22385,-0.0576281059346891
22393,-0.0738224869137267
22401,-0.0244263806334395
22410,0.0567444262950192
22412,0.0294974831212727
22415,0.0311499504026391
22416,-0.0391796669010998
22418,-0.058207973764289
22422,0.0706799372365671
22423,0.0587850478950035
22425,0.1557497428053833
22432,0.0586630015013101
22433,-0.0593634443542251
22434,0.0456783446617335
22443,-0.0837915733489568
22444,0.0016622134703232
22447,-0.0741553303376111
22448,0.0061728136409637
22451,0.0751579502531646
22455,0.055394745016821
22456,-0.0565394316864955
22457,-0.0266566051458326
22459,-0.0018449700790722
22461,0.0716095508545242
22463,0.0385597792461464
22465,0.0289468391974971
22466,0.1231344817226205
22468,-0.0523633625040471
22469,-0.0004340757364424
22471,-0.0057703355216539
22474,0.0188400664569398
22475,0.0179401199375128
22477,-0.0782229390269519
22481,-0.0890373019937796
22485,-0.0633527656382785
22488,0.0293088778753173
22499,-0.0027694323453516
22500,0.0498071137731314
22501,-0.0330248254132393
22503,-0.1098732154008669
22505,-0.019024073575648
22512,-0.0536701253383498
22513,0.0817891914361164
22516,0.0380537034753513
22520,-0.1447616864132202
22523,-0.036209594789238
22527,0.0271695271635205
22529,-0.0630379514605223
22531,0.0207154455111456
22539,0.1031326184361536
22541,-0.0459196112634279
22544,0.0010926846946821
22545,-0.0221067847577126
22550,0.0437103082414399
22551,0.0809366241267414
22553,0.0506992744957453
22557,-0.0263195946830362
22559,-0.0107106051978398
22563,-0.0444594422302273
22570,-0.0465004235175759
22575,0.015412964246281
22578,-0.0411797814679178
22580,-0.0607687887357383
22581,0.0181283755978071
22582,0.0310773283713518
22584,0.0535720563383894
22595,0.1231367400236991
22596,0.0052160731829741
22597,-0.0271386067059485
22608,-0.0387483556372373
22616,0.0856692938045428
22617,0.062425810109739
22618,-0.0004340757364424
22619,0.0722181364967945
22621,0.0266285145224363
22623,-0.0338754263944286
22625,-0.0059953217153747
22627,0.0345980415188322
22628,0.0952217915950609
22635,-0.0413855775728712
22640,-0.1834135527773555
22641,-0.0103562185451846
22643,0.042383850178777
22647,0.057722855358694
22649,0.0664858736154922
22653,-0.1054951342187757
22660,0.0597138179561038
22661,0.0668511748583352
22670,-0.0284842537478917
22671,0.0536829352731164
22673,0.0731039273225937
22688,0.0806624008343984
22689,0.0641542343332859
22692,0.0095816027715598
22696,0.0464100070242137
22698,-0.0635398081211957
22699,0.0376486178798017
22701,-0.0475379812341105
22704,-0.0848129649704395
22705,0.1303629952803596
22708,0.0730169355225952
22711,-0.0510037135717359
22712,0.0795440698353917
22713,-0.0357710647368107
22714,-0.0362210734316755
22720,0.0649289100988868
22723,-0.0310812588659534
22724,-0.0470005219804363
22728,-0.0728234304039509
22735,0.1183922257994726
22738,-0.0517099703989701
22744,-0.0308664206407138
22745,0.0491849569424045
22749,0.0713645634782612
22751,0.0039081941196157
22752,-0.0042369466758119
22756,0.0946831284182675
22762,-0.0532311344636079
22763,0.0020613804309168
22764,-0.0590698538669096
22765,0.0875709295371131
22766,0.0273390791266415
22769,-0.0538958709342771
22773,0.0165658450894799
22775,-0.009639124740126
22776,0.0980769785617897
22778,-0.0039146262132868
22780,0.0191081470247806
22781,-0.0707733980668005
22782,-0.1868429649100255
22785,0.0409829241915888
22792,0.0605522839429954
22796,0.061690807481065
22802,0.0712353032357105
22803,0.0864155938846007
22806,0.0385381181577665
22812,0.0425536093940733
22814,0.073182893127032
22815,0.0541873050481557
22822,-0.004737539569657
22830,-0.0379833796507051
22847,0.0562593601018357
22848,0.0927795213451148
22849,-0.0609152084175414
22850,0.0218111210235217
22853,0.0767371736662472
22855,0.0867596973565101
22858,0.0562067074363431
22859,-0.0283030928953303
22860,0.0747362320007505
22862,0.00860644406166
22866,0.0481198333703341
22870,-0.0419084769093013
22871,0.0521404682695569
22872,0.0551808591101683
22876,-0.0194755097396171
22877,-0.0021066811829233
22881,0.0525484539034159
22882,-0.032421456010683
22883,0.0271668027946779
22885,-0.0302784287941979
22887,-0.0074244044177365
22890,-0.010775021783186
22893,-0.1187468904108249
22898,-0.1062130173062548
22902,0.0185379598478175
22907,-0.0404407441729468
22908,-0.0043873018201244
22911,0.0390920567016622
22913,-0.0538552751815823
22916,0.0745845349354192
22921,-0.0611364258452863
22922,-0.0605768863310119
22924,-0.0259684261278806
22928,-0.0089705743009931
22931,0.0086759566781472
22933,-0.0605514001986355
22934,-0.0252820634528807
22936,0.048929111629835
22938,0.0872793512757464
22941,-0.0170767034550176
22942,0.0223420330648565
22944,-0.0440061938891265
22945,0.0400340957002545
22946,-0.0100396874470643
22950,0.1216741039384879
22957,0.0976820466160931
22958,-0.0555303837757763
22965,-0.1307415793855325
22967,-0.0155935842247452
22968,0.0418541509864907
22969,-0.1812334376362935
22971,0.0410205943280905
22976,0.0696450133559114
22978,0.0516547411101547
22989,0.0997597866599826
22990,0.00451677040112
22992,-0.0850475606799252
22998,-0.0733875516151598
22999,-0.0213497447841367
23000,-0.1168614668236537
23001,0.0143281673167638
23004,0.1130614303232842
23014,-0.1215669776872694
23016,0.059636527047814
23021,-0.1365362595864441
23026,0.1143952773630222
23029,-0.0322196610174139
23034,0.0920275440642112
23035,0.0847752179447596
23043,-0.0362901518247982
23047,-0.0354576879619902
23048,0.0692450528780744
23050,0.0718746984960431
23060,-0.0260945734256067
23062,0.0622206666981985
23064,0.0318851908952656
23068,0.0860928916016646
23072,-0.038067482406579
23073,-0.0549983503647249
23076,0.1224896452512764
23077,0.0744000973500776
23079,0.0685548669143053
23086,0.0766110418993411
23089,-0.0074093294939665
23090,0.0231092027851636
23096,-0.0205966400539542
23097,0.0335559050831459
23098,-0.1385616481167013
23099,-0.0471974058222354
23101,-0.1142766342293697
23102,0.0058145378999574
23103,0.0821532340270126
23105,-0.0495410256649084
23112,0.0614131190663522
23114,0.0781075370066754
23115,-0.1361771657202115
23117,0.0364254026689606
23119,-0.0600178102584041
23125,0.0548199313582187
23126,-0.0701534026262039
23127,0.0648292135471129
23133,0.116985117739121
23135,-0.0552753794076882
23136,-0.0507122691462369
23138,0.0836956832198187
23140,0.0664853916369429
23145,0.0169495309709625
23159,0.0749788221962881
23162,0.0975715512022951
23165,-0.1145059056281417
23166,0.0680005653491612
23168,-0.0543549101506976
23169,0.0916446419768562
23171,0.0344679425495385
23178,0.0978227168762932
23179,-0.0547257279919186
23180,-0.0579045407223894
23184,0.016540336948416
23185,-0.0415593212802463
23188,0.0127584511807335
23189,-0.1080273587029395
23190,-0.0395645548110253
23196,-0.137472886269088
23212,0.0050274269703773
23218,0.0171673229629099
23222,-0.0405196992617822
23223,0.0496464992224273
23224,0.0656494376034375
23226,0.0394673861872453
23227,-0.0497163922358157
23229,0.0921623035595397
23230,-0.1254264104892098
23237,-0.0295041186598239
23241,-0.023841441811103
23242,0.0599305711729949
23245,0.0350325385400135
23250,-0.0365425080440577
23253,0.0834373902186166
23261,0.0438137218440094
23263,0.1174915972581974
23264,0.0557623065729461
23266,-0.0261324726377921
23269,-0.0639746814622275
23270,-0.0420795196980903
23279,0.0053052592575464
23280,-0.0427983766884414
23281,-0.0039456235472662
23282,-0.0520509689318728
23285,0.0531347292756324
23286,0.0797909686557298
23289,-0.1101748999050134
23294,0.0133033486497529
23300,-0.0211582242716364
23305,0.0753747042077397
23306,0.0586022751106171
23321,-0.0786070878818123
23324,-0.1604959730277634
23327,-0.0230638577772043
23328,-0.0139562223681875
23330,0.0364974656638749
23332,-0.0403910504188619
23334,-0.0578608402076086
23337,-0.0696188552183641
23338,0.01480199802604
23345,0.113567609792436
23348,0.0049416536192874
23351,-0.0114164820971293
23354,-0.0524520334822352
23363,0.0369179576881797
23365,0.0323528421315528
23366,-0.0835757495295941
23369,0.0344912851639666
23373,0.0060567879235254
23375,0.0670155058250322
23381,0.0086882875527021
23382,-0.1070946531028061
23389,0.0076800397710759
23391,-0.0281779063593347
23397,-0.0686479862630611
23400,0.1108118744269077
23402,-0.0031248148024489
23407,-0.0852418630333074
23408,-0.0853625414031681
23409,-0.0869422606747718
23410,0.0096750072096995
23412,0.0213723499478966
23416,-0.0987683366822071
23419,-0.0064777350020033
23426,0.0656031117475876
23428,0.0411890472693277
23432,0.0533266376476439
23434,-0.0687657534357048
23436,0.008449600746998
23437,0.0589621399755504
23444,0.0874764580636485
23445,-0.0510745581294723
23446,-0.0469727341625596
23454,-0.0342509857854391
23458,0.0689550417740604
23460,-0.0540699036797867
23461,0.1155371737926567
23462,0.0081690879585847
23464,-0.0804263661451726
23465,0.0490432355713878
23466,0.0657887847071072
23470,-0.0540578511090381
23474,0.0275306656554504
23476,-0.0665188397947579
23477,0.0498923464100595
23479,0.0661950771729357
23481,0.0061064783387392
23483,-0.0021250429944742
23491,0.0450220714649406
23495,-0.0350222759719497
23496,0.0962191858917014
23499,0.010600532553053
23501,0.037167115626017
23502,0.0842609786958215
23504,-0.0270255987754865
23507,-0.0618510775175307
23511,-0.0907848690139933
23518,0.0079220565687696
23523,0.0734440931391276
23528,-0.0538780461380241
23530,0.0293265169936922
23536,-0.0649671142855612
23539,-0.0177725953840375
23543,-0.0583897417673432
23547,-0.0179229152147809
23550,0.019775701278964
23552,-0.0376384111616822
23553,0.0108691179326981
23555,0.0464368603282004
23557,0.0634231145766571
23558,0.1215958934749713
23559,0.027354036930774
23560,-0.0504948927235776
23561,0.0615514706266049
23564,0.0009310683554054
23569,0.0479820018030286
23572,0.0879220235849371
23578,-0.0959258854773532
23579,-0.0250111731259782
23580,-0.0855838975118532
23581,0.0560004683023004
23583,0.1100047554912722
23584,-0.0710326461205942
23589,0.0628310680204455
23590,-0.0084809668501037
23597,0.0044636487785359
23604,0.0894280284394919
23605,-0.0248338365356015
23606,0.0290946808939257
23608,-0.027784463256121
23614,0.0762738835147681
23617,0.0991381856626929
23618,0.0593556372754009
23619,0.025495386805091
23626,0.0496031825309357
23628,0.0544161499495109
23629,0.0302904414833709
23635,0.027724787599581
23637,-0.0967481020761788
23640,-0.058877029630347
23642,0.0400917400177476
23644,-0.0632985306498048
23646,0.0665271803071996
23648,-0.001045949933513
23651,0.083092228592567
23655,-0.0617781658175018
23661,-0.0470373323418672
23664,0.068818500854503
23668,0.015055893686245
23678,-0.0592952192746857
23680,-0.0593100750047337
23683,0.0549644224322967
23685,0.0134850419893308
23698,0.1049680282486161
23703,0.024252024503495
23705,0.0583524661507226
23706,0.0384012564141083
23707,0.1664497643534673
23718,-0.0113234119821357
23720,0.0641958276162489
23721,-0.0366973031913098
23722,-0.0095079429907545
23724,-0.0331999624153846
23726,0.0444879121734376
23728,-0.035472637301497
23729,0.0270975671925351
23731,0.0339717968879086
23737,0.0492730629977713
23741,-0.0613227778220733
23743,-0.0729587653655488
23744,0.0970097499756673
23750,0.0641263877501648
23753,0.1129540387726291
23756,0.0301105848842569
23758,-0.0419706085916665
23762,0.0975959956647318
23770,-0.0452184415990561
23771,0.0033461754325416
23775,0.0374919304183777
23777,-0.0144307329738927
23779,0.053234038113222
23781,0.0913512302893815
23785,-0.0356041382755032
23787,0.111214992836945
23793,-0.0813353170179201
23801,-0.0459089995506885
23802,0.0130317694452085
23804,0.0872124108157799
23808,0.106954053308752
23809,0.0217727167074287
23813,-0.0903804217151039
23814,-0.0289791047965005
23815,0.0160255172168697
23818,0.0726099971351427
23819,-0.0418682481403257
23825,-0.0429503175268928
23826,-0.0036890921471909
23832,-0.0140528480051908
23834,0.0483546044202773
23836,-0.0758626709030298
23839,-0.0507425264517527
23841,0.0240733367927295
23849,-0.0228508269267911
23853,-0.0210164823384796
23855,-0.1130917411889892
23861,0.0511298471616145
23864,-0.0444012270861438
23865,-0.04161776075296
23871,0.0712631850194827
23872,0.060498371897367
23875,0.0523678436533126
23876,-0.0115635503762224
23878,0.044638092954162
23879,-0.0560135816636278
23882,-0.1921679145943759
23886,0.0563832808621062
23887,-0.0949949617255206
23893,-0.0555289248999053
23896,0.0409559041738013
23904,0.0141489256510491
23906,-0.0334143082271235
23909,0.0909543545195216
23912,0.0502856381785282
23914,-0.1427122727917464
23921,0.0023453052467576
23923,-0.0472765637647986
23925,-0.0350279197557584
23926,-0.0361709556399233
23928,-0.0628737158756388
23938,-0.0789534032080458
23941,0.0224198010889368
23944,0.0330641922002891
23945,0.0432381309391358
23947,0.1013317769767714
23952,0.054626541724779
23954,-0.0491724242057271
23956,0.1290666497573723
23957,-0.0223277112867364
23961,0.0453564433176425
23962,-0.0567503704253049
23963,0.0703237438834354
23967,-0.0346710055438345
23972,0.0433059021574121
23974,-0.0204748234887261
23978,-0.1120352747369615
23982,0.0377286021349997
23983,-0.104094377343398
23985,-0.0633889590605098
23989,0.0665326045839414
23990,0.0405688871049094
23991,-0.1250069852868768
23996,-0.067076451196165
23999,-0.0265351930669238
24002,-0.0597171981920882
24006,-0.0564673246249884
24008,-0.0042741565971481
24010,0.0621319986610368
24013,-0.0011211092004603
24018,-0.0297346908418394
24021,0.05231512033433
24025,0.0531173273846834
24033,0.029921292927389
24034,0.046006795063537
24042,-0.0446331691322591
24051,0.0299976881576536
24053,-0.0447013948353569
24056,0.0090567766963825
24057,0.0437679525949025
24059,-0.006675444224203
24060,-0.1418021532453359
24063,0.0160477494915021
24067,0.0573845342248361
24070,-0.0630102204730577
24071,0.01429928557826
24072,-0.0324681927924492
24073,0.0290569178556916
24080,-0.0218043282975029
24082,0.0411816367464664
24083,-0.0063930916498091
24088,0.0461055247597024
24091,-0.0835236340296149
24096,-0.0922052176733814
24098,0.1376959197022964
24104,0.024336201581739
24108,-0.0483116246315045
24112,0.0793847811290841
24114,-0.0178538398170853
24117,0.1360155959832768
24120,0.0297179655800031
24124,-0.0522166135450977
24125,0.017858696396174
24126,0.032838829780319
24129,0.0548511047833738
24130,0.0067489661471644
24135,0.0133667652085952
24136,0.0177348723234398
24144,-0.0316889515976434
24145,-0.0815643600000414
24148,-0.0465707945730275
24149,0.0312589899934017
24150,-0.1651003208495693
24151,-0.0046011999635314
24152,-0.0622457687085317
24155,-0.0555156936799087
24166,-0.0925631763176609
24167,0.033858693473215
24171,0.0534535625933404
24178,0.0235076120731867
24179,-0.0755893036095927
24180,-0.0462467529415157
24181,0.0959721494180059
24183,0.0001737668135123
24186,0.0837081831862943
24187,-0.1378000268701407
24188,0.0252245198078762
24190,0.0998367861417935
24198,0.0309358055676189
24200,0.1121696470179794
24202,-0.0375625175656081
24204,0.0500638704615053
24206,-0.0459220955031038
24207,-0.0436073036138884
24215,0.0152851690237298
24216,-0.06881878668641
24217,0.0539179412201156
24219,-0.1146843525803555
24220,-0.0153981931923538
24224,0.0551833604614093
24231,0.0399519227263363
24240,0.11440809176885
24248,0.0669648759551288
24252,-0.0031493950791693
24256,0.0351798304556591
24258,0.0561760646673252
24259,0.0205923111963598
24263,-0.0474867208474063
24266,0.0619309501377809
24268,0.1268705733941182
24276,0.0709258449369987
24280,-0.0066401387895999
24283,-0.0766963156216129
24286,0.1233729905713508
24287,0.0117863076047487
24288,0.0472854528249265
24295,-0.0298540603873518
24299,-0.059441189832476
24302,-0.0002943340245797
24304,0.0269153643705289
24306,0.0218971524077024
24311,0.0796807007507978
24312,0.0762340795478218
24319,-0.0576464473376879
24321,0.041173133362237
24323,0.1103934476258559
24324,0.0570664417328562
24326,-0.0465148138691993
24332,-0.0605660058186599
24333,0.0805094654164978
24335,-0.0533238886369457
24336,0.1018700938690972
24337,0.0279452342252492
24339,-0.01793330807061
24341,0.0526068752477965
24346,-0.1018186106297847
24348,-0.013431133167407
24350,-0.0424512015787168
24354,-0.0338972518803223
24355,0.0201038263790083
24356,-0.028839531443191
24361,-0.0359088452424042
24362,-0.1026109484798923
24366,-0.0174880840873922
24374,-0.0353921677316327
24376,0.0649958744038284
24377,0.0672999768240368
24378,-0.0544853591833519
24386,0.0639705756303508
24389,0.1074725435807694
24397,0.0945888388938335
24399,-0.0776941803973065
24400,0.1214552599099507
24401,-0.0322947545272399
24406,-0.0613368779724823
24407,-0.0343521486321756
24410,-0.0900991086169005
24412,0.0723166933714249
24414,0.0125875341673336
24415,-0.1659732693299119
24419,0.0476233228430115
24425,-0.141344265074612
24432,-0.0921912365001174
24440,-0.0597828936312132
24441,0.0206410030413114
24445,0.0332905838070456
24449,0.0161971935360704
24452,-0.027674673647107
24453,0.0285530325181683
24456,-0.008537723564577
24458,0.0544750734068802
24459,-0.0270404863120326
24462,0.1007115031533393
24463,-0.1023425949373038
24465,0.0662917110317022
24473,0.0827824196999664
24475,-0.0442116381033263
24476,0.0745087238463315
24496,-0.0546360199162154
24498,-8.540582760273904e-06
24502,0.0216442577927533
24503,0.0157214335599408
24506,-0.03699534348312
24507,-0.124048168440062
24511,-0.0508462593544481
24512,-0.0425371157502232
24513,0.0118860638208247
24520,0.0579411534299977
24522,0.0242567714874255
24524,-0.0469749334133228
24527,0.0544968595072322
24528,0.0235089591936264
24529,0.0658631862169038
24530,0.0436205596506838
24531,-0.0131277380643396
24537,-0.012447558047803
24544,0.0254111725901812
24547,-0.042274705803247
24548,-0.0515234808724821
24550,0.0723005410178531
24553,-0.0867598111822536
24554,-0.0740517700634674
24558,0.0847583914010296
24559,0.0679651261752417
24565,0.0027909508202489
24566,0.02688516997714
24571,-0.1212865777722146
24573,0.0422002541196242
24574,0.042453740633796
24576,-0.0341421078264926
24577,0.021280246015316
24578,0.0327649465788577
24580,0.0444247394636559
24584,0.016854117494483
24585,0.0193364860473681
24586,0.0224905860348624
24589,-0.0413257874804894
24591,0.0168878611360078
24593,-0.1588511177435649
24596,-0.0402016346223
24598,0.0727895257042339
24599,0.0262778771728714
24600,-0.0198939128721367
24603,0.008558344677387
24604,0.0207893182670238
24607,-0.1465588601697916
24610,-0.0009050401295074
24611,-0.027899169632352
24612,-0.2589124320587811
24614,-0.0217060527359967
24621,0.044698045031608
24624,0.067848807648943
24627,-0.0746569003533021
24635,-0.0514294282314128
24637,0.0661086480385255
24641,0.0997506851284655
24644,-0.1115596271174124
24645,-0.1038283673168141
24647,-0.0267457333200763
24649,-0.1029077674934546
24652,0.0171273267559277
24653,0.0036671295317028
24657,0.0873339824476692
24660,-0.1124336998566681
24661,0.0284876933692529
24664,0.0694258534340486
24666,-0.0241131784658288
24670,-0.1278271013836888
24676,-0.0253789209738255
24680,0.052695308127484
24685,0.0909561100647308
24686,0.0095883800026672
24689,0.0722639274341173
24690,0.0216424254037641
24691,0.0869398049119942
24698,-0.0300925696307685
24699,0.0248268620983254
24706,0.0001372404631202
24707,-0.0195387996600459
24708,0.0113930428417855
24716,0.0738252320898071
24717,0.0237225760394899
24718,0.0306026383036776
24719,-0.0333347495821294
24720,-0.0325105297179286
24722,-0.1299321011023046
24727,-0.0622047769267083
24728,0.0716542880666541
24729,-0.0873803603787907
24731,0.0195034882564284
24733,-0.0695949632143302
24734,-0.1501310864246537
24743,0.0694337954782428
24745,0.0190131784935808
24747,-0.0876237037294818
24748,-0.0015885658152855
24749,-0.1292716207841623
24754,0.0505062100610578
24768,-0.0079187880342734
24770,-0.0344946520448127
24772,0.0261876596600329
24776,0.0990841782012349
24778,0.0487801487752395
24781,0.0158660354844288
24782,0.0224011218160629
24783,0.0986019836125475
24785,-0.0425589315538361
24791,-0.0407931902693932
24792,0.0200711634713773
24794,0.0410328281194012
24798,-0.0097352613625543
24802,0.102166432602993
24804,0.0144756628575906
24805,0.0199562143587028
24807,0.0322630029423492
24809,0.056342953541203
24810,-0.0991393316126781
24817,-0.0830638209114132
24818,-0.006744238813894
24820,0.0275871587014477
24823,0.0953089934480439
24827,0.0639461155815229
24828,-0.0646918678389928
24829,-0.057052508517849
24830,0.0573954534089603
24834,0.0464886187415552
24836,0.0242334638727978
24837,0.0855428320287099
24844,0.0048545898878692
24846,0.0281453887182542
24856,-0.1325669028780824
24857,-0.0610945602414964
24860,0.091693345410875
24861,0.0937391821037763
24863,0.1042149617201427
24866,-0.0640003128282979
24868,-0.0803470451047207
24872,0.0412620379792156
24873,0.0246473061334645
24874,0.0643089802167417
24876,0.027877511225111
24879,0.0432924039720629
24881,-0.0565793086351321
24884,0.0245863344805912
24893,-0.0566841844860631
24897,0.0539994923914498
24898,0.0829916070153882
24899,0.0657543989303474
24902,-0.0399902959147406
24905,0.0691451210038211
24911,0.0913852708625007
24912,-0.0519415446183943
24918,-0.0151882150880029
24920,0.0517561145243783
24921,-0.0620736463425487
24930,0.0699861997701229
24932,0.00224503428465
24935,0.0394627148000295
24936,0.0713966325787238
24939,0.0491700885473311
24940,0.0956198976857532
24942,0.0370861895961583
24946,-0.3467496145778886
24952,-0.0842129332085445
24958,-0.0524199717019378
24962,0.0920862858851711
24967,-0.0850329539352539
24974,0.053962955004998
24976,0.0775454476479864
24979,0.0901110965611978
24980,0.0321617127441267
24985,0.1407733109611459
24987,0.0225127790593764
24989,0.0151251329366031
24990,-0.0465479054026177
24991,0.0777264107196913
24992,-0.0279045855364627
24997,-0.021314513306173
24999,0.070564902707397
25000,-0.0110442828233356
25003,-0.0510138076728091
25005,-0.0227640978639847
25007,-0.3840507855868397
25011,-0.058087949641839
25014,0.1060748290613994
25018,0.0928105975426083
25024,0.0570495874982558
25026,0.0996872710429035
25031,0.0697062938177205
25034,-0.0471068944480478
25037,0.061387018237383
25040,-0.0117522788850232
25041,-0.0484920019241554
25043,-0.0598743557515806
25049,0.0537286144671406
25050,0.0695625884082449
25051,-0.050726795278576
25054,0.0756189586401312
25058,0.1115161964143608
25059,-0.0537896590871463
25061,0.0010617070957785
25062,0.0202185057733105
25064,-0.0498065702596123
25066,-0.058574646208833
25069,-0.0711677848173614
25072,-0.032534334194583
25076,-0.0294555495584043
25077,0.0343684899234402
25078,0.0001246366270112
25079,0.0594006380669186
25088,0.0719342412605691
25090,0.1163045392380952
25091,-0.0452216348472967
25093,0.0773880481693609
25096,0.06775157649567
25097,0.0641796845677466
25100,-0.0642666407158876
25105,0.0870519288691012
25109,-0.0872970685077326
25110,-0.0325725018685204
25111,0.0004438439307859
25112,0.0495174051338407
25115,-0.0845610587037812
25123,0.1147859618666753
25125,-0.0785501900628592
25127,0.0041686439296076
25130,0.1059738140939967
25137,0.0141949380863999
25139,-0.1811463655165586
25142,-0.1353721322872031
25144,0.0673548739720221
25145,-0.0399714601013418
25148,-0.0770833611899972
25152,-0.008085488211415
25154,0.0309848620201787
25155,-0.0244287305781977
25157,0.0369668357055747
25160,-0.0356939249707766
25161,0.107807147879122
25163,-0.0050556686914892
25167,0.0293986316192612
25168,0.0845088018987367
25170,-0.0421673357759235
25171,-0.0307941212965395
25172,0.1448511992035636
25173,0.0310835197313955
25174,-0.0065683193015809
25175,0.0579552119289908
25176,-0.0592092511553738
25177,-0.005995062431127
25184,-0.0036885065679983
25191,-0.0118909971479087
25192,-0.034647444458254
25197,-0.0212691099378658
25202,0.0135953466810199
25203,0.0555867587119726
25205,0.0462109988182046
25212,0.0486124924555171
25214,0.0016978442017729
25217,-0.0902941711436698
25223,0.0912185731486369
25224,-0.0283597078135859
25225,0.0708616232781899
25228,-0.0402579457006613
25234,0.0548727403952229
25235,-0.062055579038694
25237,-0.0543771949203571
25239,-0.0680809681459432
25250,-0.0470444875501886
25253,-0.0545583359477276
25257,0.0298812145526369
25260,0.0126860612470658
25265,-0.0287387345435197
25266,0.0318232235843681
25272,0.0728886399643987
25278,-0.0376813405452296
25280,-0.0703677092945889
25281,0.078662294654023
25288,-0.0244928708683186
25289,0.0950303345517409
25294,0.0042000446008702
25297,-0.0281077633907664
25299,0.0985903309602434
25303,0.0007320398997954
25304,-0.0546812418284574
25308,-0.0828836318884994
25310,0.0567846066982512
25312,0.100431937151479
25313,0.0592681463047533
25314,-0.060408193826601
25319,0.0096780797492657
25323,0.0518535952570874
25324,0.1163770827479301
25326,-0.0248896659877611
25333,-0.0628774582579717
25335,-0.0218260063414644
25336,0.0718977614270172
25348,0.0504520757685756
25352,-0.0866292527624429
25368,0.1272267820345174
25370,0.0564314128562678
25371,0.059562501814583
25374,-0.0044924947453387
25375,-0.0031813303763636
25377,0.0028842564115184
25380,0.0323669144816907
25384,0.0950060698348409
25385,-0.0268677152311926
25388,-0.0110340151294454
25390,0.0900471208810082
25396,-0.0852881659574133
25399,-0.014494841982149
25405,0.049502927521871
25409,-0.060339266060001
25413,0.05506846439175
25415,-0.068838735984137
25418,-0.0729140481014174
25426,0.042407166236192
25427,0.0752396522362859
25429,-0.0160585543768397
25435,0.0659561978685331
25439,-0.1586787299979079
25443,0.109395789660736
25445,-0.0276546260656659
25447,-0.097388228206513
25452,-0.0688106731383866
25453,0.0077828573713226
25455,-0.0146188467898032
25456,0.0040063458642402
25457,0.0530971495741639
25458,-0.1450304799259671
25459,0.0168654080227063
25460,0.0198989156461834
25462,-0.0661059164018713
25467,0.0871959436980967
25469,-0.0527329202433383
25470,0.0784356191474805
25475,0.0382342167246984
25482,0.0193318490935815
25483,0.0003336329930343
25485,-0.0160346089044964
25487,0.0530328823581198
25490,-0.0335691706279929
25496,-0.0848471731514999
25497,0.0194881582940486
25499,0.1048023592224065
25501,0.0451861918018329
25503,0.0353719419497893
25519,-0.0626300033640641
25521,0.0287643916763058
25530,-0.0930232812201705
25532,0.0684723924543836
25537,-0.0511376337984399
25538,-0.0390386549134454
25539,0.1058427866231048
25541,-0.0529390373633658
25542,-0.0824896191792423
25544,-0.0547914226366484
25547,0.0187339669690731
25548,0.0936843613259623
25555,0.1191485984014291
25556,-0.0449619368357153
25558,-0.0548886564370774
25559,-0.0274096029840078
25562,0.0376889232606641
25564,-0.0455626598138451
25569,-0.000753583326899
25570,0.093054062437091
25572,-0.0521665134938139
25577,0.078623086103472
25578,0.0720475243982633
25580,-0.0476723153833584
25583,-0.1044863786833094
25584,0.0888209457000487
25590,0.061055581152363
25593,-0.0147717173796183
25594,0.0437017671342529
25603,0.0666669786435133
25604,0.0023761910517226
25605,-0.1088071023771504
25608,-0.0582952674012225
25609,0.0141387557272175
25613,0.0265776061266971
25614,0.0735573307814515
25617,-0.0530390727785328
25618,-0.1452704699657337
25626,-0.06707794114765
25627,0.008218414835362
25628,0.0776703732596365
25629,0.035161992839383
25631,0.0420650869518061
25635,-0.1452704699657337
25637,-0.0297286502082721
25638,-0.1091522221846868
25645,0.0807186771789715
25649,0.0927652800180534
25650,-0.0964387666784497
25654,-0.0908113634985181
25658,-0.0757996900270285
25660,0.1001949589544667
25661,-0.010186932860139
25663,0.0250860535400795
25664,-0.0826454652751646
25665,0.1117582950967472
25667,0.0725849247599782
25668,-0.036686687516984
25671,-0.0151842498449127
25672,-0.0606359321812347
25674,-0.0159333074458525
25680,0.0401605773159804
25683,0.0265776061266971
25687,0.0363363028640949
25689,-0.074826365989913
25690,0.0231862147423564
25692,-0.0752931231266946
25697,0.0714656198450729
25698,-0.0532618078665295
25702,0.0971836769876737
25703,0.0278749137589057
25705,-0.0105968993643321
25716,-0.0096391702448922
25717,0.0821774065076744
25720,0.0635430107187835
25721,0.032668620416197
25729,0.0450386663861626
25730,0.050204247093546
25731,-0.0305535614023532
25732,0.0527179492258984
25737,-0.0434554803876348
25739,0.0067795958120147
25742,0.0693398596865205
25745,-0.0408733700299952
25746,-0.0715010988019038
25747,0.0258493342573906
25751,0.0514068291805343
25752,-0.0087121251334004
25756,0.0233047162967894
25758,0.0184141890694238
25760,0.0552046003994191
25765,-0.1034455605642423
25766,0.0357567920850307
25767,0.0533666547401169
25771,-0.0703481502226514
25772,-0.0004131621778021
25776,0.0299579896581392
25783,0.0043663233443617
25784,0.0052299183783936
25789,0.077422866429407
25791,-0.1482401651027955
25794,0.0774455563873367
25797,0.019086698848677
25799,0.0124932035399705
25800,0.0834749640994992
25804,0.0119196847336968
25806,-0.0067639900200139
25809,0.0608013786101185
25810,0.0894824557040648
25813,-0.051936615410972
25818,0.028002212867604
25819,-0.1113039573838093
25823,-0.144262752709344
25829,-0.0967771708351561
25838,0.0558985703669046
25840,-0.0235806976576207
25843,-0.0133545660043195
25845,-0.1490245322974893
25847,0.0020557471947326
25849,-0.0381029606872792
25853,0.0244145338335276
25858,-0.0510742857189323
25862,-0.0681560392468793
25863,0.1103962269298051
25869,-0.0470703815775804
25878,-0.0127077091616614
25879,0.0160982394169587
25887,0.0688631853227479
25892,-0.0860199507729691
25894,0.0117199616969813
25896,0.0420280267485043
25898,0.0224779884220025
25899,0.0032876005201313
25904,0.046325535949483
25906,-0.1369434114900944
25908,0.0570265447716457
25913,0.028787620115398
25915,-0.0065390499986239
25916,0.0245566989373249
25921,0.099016367719427
25924,0.0587426129954699
25926,0.0284231862416915
25929,0.0780986205682862
25931,-0.0627078862855041
25934,-0.0382101766971191
25937,-0.012058926458911
25939,0.0699267560351371
25941,0.0285650255565075
25942,0.0206288089145751
25946,0.0640901246891696
25952,-0.0745099796859014
25955,-0.0739027114057888
25959,-0.0339720442796315
25960,-0.0169125273039216
25963,0.1134811342130472
25969,-0.0195761651000441
25971,-0.0403797301621142
25972,-0.0789228791394851
25973,-0.100470631734434
25974,-0.0153022009258973
25976,0.0451164410545393
25985,0.0686046818705759
25990,0.0659581397626747
25991,0.010645970134802
25992,0.0266341754524735
25995,0.0228352374528555
26005,0.0728446740139356
26007,0.0230249964404823
26008,-0.0038021556070893
26010,0.1100381996122573
26011,0.0594692890254561
26012,-0.0445429611720354
26015,0.0888209457000487
26021,0.0137271329832599
26030,-0.0503333349101822
26038,0.0810649083859375
26048,-0.1076303243381455
26050,-0.0750347182434804
26051,0.0406258302322135
26052,0.0191045080618636
26055,-0.0065901490487909
26056,0.0062214538554961
26057,0.0035344039866522
26060,0.0621555021791259
26062,0.0773427771810174
26063,-0.0707128917212148
26070,0.0332222393210615
26071,-0.1681895146674867
26074,0.0362779498066308
26081,-0.0034338494989156
26084,-0.0112423397956799
26085,0.1180063524446327
26088,0.014697193059705
26093,0.0258907987409372
26096,-0.011274281790713
26099,-0.0305858330255956
26111,0.0285392149385739
26112,0.088944446647072
26122,-0.0478357376833973
26123,0.0514040804431113
26125,0.1027538028853563
26129,-0.0233983378069401
26132,-0.0658707500221803
26134,-0.0409280534679448
26138,0.0376734400144783
26140,0.0108220109326841
26143,-0.0529168268243697
26145,-0.0689828067087719
26146,0.0615508868149092
26148,0.0684693489160789
26149,-0.0805898369589124
26154,0.0155493621048325
26158,-0.0441794584890098
26159,-0.0670577086083981
26165,0.0953240748284991
26175,-0.0071121973873389
26176,0.0608515898472938
26179,-0.0113939769572389
26180,0.0838815887989521
26181,0.0793600611337541
26183,0.1233663527473825
26185,-0.059492617369752
26188,0.0174411859077635
26189,0.1123109305329969
26190,0.0578797088293739
26195,-0.0729116352155487
26197,-0.0905775235937886
26198,-0.1257939232549772
26203,0.0298485873320339
26209,0.0256120086334918
26216,0.0377014439528228
26219,0.0878392601437752
26222,0.0050059383857483
26226,-0.0054920747170553
26227,0.0593304124391553
26233,0.0831496367742561
26239,-0.040458812129806
26241,0.0708289464033776
26245,-0.0197828139831011
26246,-0.0784475311803243
26247,-0.0404216595939586
26251,-0.0498141417721171
26253,0.0280970240681553
26254,-0.0350884104794124
26262,-0.010212362920362
26263,0.0286103280891814
26269,-0.0135768754879275
26271,0.020324724330726
26273,0.0242356875403875
26274,-0.0559412991720938
26275,-0.0118070187790196
26276,0.0444180483110376
26277,0.0144784053659256
26278,0.072510499379475
26279,-0.0510075169570772
26281,-0.0679689912008725
26283,0.0847293684486987
26286,0.0285650255565075
26288,-0.0695659271000107
26289,-0.0750945209586439
26290,-0.001964395172344
26292,-0.1345621215162405
26293,-0.0280810000570894
26296,0.1152574124970679
26297,-0.0468017311300137
26298,-0.0066370583032344
26299,0.0483353280123175
26306,0.0560534213237088
26310,0.0854977701256558
26314,0.0216161090022612
26318,-0.0444315257914587
26320,0.0144678673085806
26321,-0.0377100382013993
26323,0.0526901269280379
26325,-0.0679159891969173
26326,0.1220023999607603
26329,0.0118609281090078
26335,0.0130331850802476
26340,-0.0202587593530563
26341,-0.0429980006378953
26343,-0.0674876419501297
26344,0.0983369643640821
26348,0.0642981936105739
26349,-0.0334173601405121
26352,-0.0772406978842363
26353,-0.06384882082013
26354,-0.0534265786564098
26356,0.0877073039647906
26357,0.0698257472508166
26365,-0.1107062648059305
26366,0.067484257344702
26367,0.0731649147322649
26368,0.0234747802176891
26370,0.0303355471300245
26383,0.0114049597548654
26385,0.051342875761474
26386,-0.0085999573014299
26390,0.0232897731079682
26391,0.0839922837685114
26395,-0.0040531693087825
26404,-0.0421460168752829
26406,0.0073452071450256
26411,0.0529915982568284
26412,-0.0890086678803813
26413,-0.0504408102025676
26415,-0.0653975388035899
26417,-0.1032175532369411
26427,0.0110575928787596
26437,0.0286076560897878
26442,0.097429126098183
26444,0.059409641122536
26445,0.111284662976958
26450,-0.0493686942599054
26451,0.0211598200758346
26454,0.0209800766684197
26455,0.0256097062379641
26462,-0.0402361276860594
26463,0.0858840108367184
26465,0.0769334452833897
26474,0.0175987405977063
26475,-0.0574387376537365
26485,0.0132993004304868
26489,-0.0200365317087021
26492,0.1123025178349418
26493,0.0867014497719453
26494,-0.0139647259705275
26496,0.0577272021444637
26498,-0.0553154817714128
26499,0.1132915113641939
26504,0.0891057212447553
26505,-0.0510389937157444
26516,0.1007299786690356
26520,0.1176249395294072
26525,-0.119158827342765
26526,0.0863465640582477
26529,0.0169079898399856
26530,0.0838483153836155
26531,-0.0044528058952706
26536,0.0512626306682162
26538,0.0820688185233805
26541,-0.0839006335116869
26543,-0.0928842888155771
26546,0.0162036263660405
26548,-0.0681876593263325
26551,0.0815933324313127
26553,-0.0755791574885468
26555,0.0568202316597912
26558,0.0713531352422083
26560,0.0530121023828055
26561,-0.0047436452422521
26579,0.0035344039866522
26581,-0.0135111941136767
26584,-0.0987722627168458
26586,-0.0495086836769226
26588,0.0815933324313127
26595,-0.0836003673625309
26597,-0.0186523086798209
26607,0.0907937498332327
26611,-0.0868713387840976
26613,-0.0275384587399627
26615,-0.0791844300058146
26623,0.1311952912625389
26624,0.0922748139784511
26625,0.0540468761154727
26626,0.0655562212104762
26629,0.0400579627181479
26631,-0.0470464356150027
26633,0.07014934973458
26639,-0.0472890281026337
26641,0.0794751303233086
26644,-0.0505020331361741
26646,-0.0424899373316097
26653,-0.0071463395626793
26655,0.0375739515889724
26662,0.0046516723384048
26663,0.007565025516842
26674,0.0352295976022103
26681,0.0564653184263364
26682,0.0644390620388585
26686,-0.0494681761772072
26688,0.0510324223083555
26691,0.1218542750469392
26693,-0.110801409162847
26695,0.0564770678874256
26699,0.0406002241332262
26700,-0.048457237478306
26708,-0.0052755885154606
26715,0.0173964743810946
26717,0.0820811276098052
26718,-0.1127869778549719
26723,-0.0181859856578741
26730,0.0397297850241341
26731,-0.0057784317080634
26733,0.0590916165177746
26735,0.020324724330726
26736,-0.3482726064910208
26737,-0.0797448842358798
26738,0.0053623337846445
26744,0.0766286078266228
26747,-0.0334708343170441
26748,0.1085158880079305
26749,0.0385110659258751
26752,-0.0814278295920235
26753,0.1124524014282201
26755,0.0329468685310996
26758,-0.0314582574991135
26766,-0.0204902931093199
26767,0.048045181686522
26769,0.0899806836398878
26775,0.0305484800843277
26776,-0.0170072354515278
26777,-0.0300995879444944
26778,0.0565861262896303
26781,-0.0182264977887794
26784,-0.0828093190133161
26785,0.038721771637313
26787,-0.1540192667134657
26795,0.0280712481381458
26796,0.045631834912353
26797,0.1503656387610827
26803,0.0944346859514316
26808,0.08070027178412
26810,-0.0738967108637494
26815,-0.0194965753156437
26817,0.0652740070088216
26822,0.0417713748214903
26826,-0.0274453481986043
26831,0.0963454732684031
26832,0.0549541678622588
26838,0.0434442660239647
26839,0.0722157645501136
26843,-0.0510195750107012
26846,0.0866250192705565
26850,0.0392985409810527
26851,-0.0446123381768766
26853,-0.0896696759731993
26854,0.032010196351622
26861,-0.0608632700548642
26867,0.1099702093198649
26870,-0.048461714466887
26871,0.0766359598018565
26873,0.114501341993661
26877,0.0287392151462852
26879,0.056875117876791
26880,-0.0858655331562272
26882,0.0279082437673212
26887,0.0520323281218375
26890,-0.031241602776068
26892,-0.034846225239465
26900,-0.059483558440937
26904,-0.0884159145742006
26905,-0.0259535821132695
26907,0.0462212893830042
26908,0.0381411268539541
26913,-0.071763873788535
26919,-0.036981536037906
26920,0.044504394246427
26924,-0.0877100903946695
26928,-0.0769691009470522
26931,0.0880507961395395
26933,0.1310320385028923
26937,0.041459726306619
26942,0.0937350376914442
26943,-0.0375623747597256
26947,-0.1232694103215878
26949,0.0200690199919262
26956,-0.0531455353252265
26959,0.029050682318674
26960,-0.0577676940820394
26961,0.1014474509066944
26963,-0.0045204703246274
26965,-0.0143577219617616
26966,0.0715971772719551
26968,-0.0658502397100316
26969,0.1001993301796428
26970,0.0998476159762716
26984,0.1018457719455689
26988,-0.094752296742966
26991,0.018070803507698
26996,-0.0687546285677364
26999,-0.0371022256703067
27002,-0.1030202363788919
27011,-0.0074775612253041
27013,0.0104670181870408
27014,0.0025065753367496
27016,-0.0797329515774561
27020,0.0243279850218386
27023,-0.0113589707866647
27028,-0.0778653742129053
27035,0.0459598715975587
27036,-0.0480791630502886
27045,-0.0385244389277692
27051,0.0029491833297649
27056,-0.051954823188638
27057,0.0853723497792097
27058,0.0624873118286954
27061,-0.0359529467515196
27068,0.1440025141417342
27069,0.0435289886903085
27075,-0.087039785886017
27078,0.0340701528734269
27088,-0.0092323679376509
27089,0.052540703126168
27090,-0.0255326039268685
27092,0.0044116254881511
27093,-0.091246999938569
27098,-0.1143272559485426
27100,-0.1492065736688814
27101,0.0515881962532877
27102,-0.0673277131306662
27110,0.0405566424343545
27117,-0.1104527311002814
27118,-0.0635534563453566
27119,0.096367212811034
27121,0.0921667566629883
27123,0.0145744432748668
27126,0.0344328996363545
27127,-0.0314417066018185
27129,0.0839940917435446
27132,0.0516975513265551
27133,0.019007809047774
27135,0.1113832332759399
27136,-0.0153575244382968
27139,0.0294701113902371
27140,-0.0309707449599205
27141,0.030691116444477
27146,0.0357596927992416
27151,0.0218852654608656
27152,-0.0573153497755203
27153,-0.0265515031581535
27158,0.011343653797671
27163,0.0070909663615609
27164,-0.0110898144318848
27165,0.0402674296893126
27167,-0.113166963576152
27170,0.014851584982172
27172,-0.0199235637313345
27177,0.0146817295657812
27178,0.0260557327062362
27179,0.0282025770319736
27181,0.0794801873646497
27182,0.1213460466245914
27185,-0.0589694698913881
27189,0.0982135978930192
27193,-0.046985952298086
27197,-0.0559461006511624
27199,-0.0589694698913881
27201,-0.1180905660286437
27205,-0.0528081026862196
27209,-0.0372579807533999
27210,0.0243911869124877
27213,0.0243195313327644
27222,-0.018307240181784
27227,-0.0785889079855353
27228,0.0728357685287217
27229,-0.0884159145742006
27232,0.07775582165345
27235,0.1289317842125293
27237,-0.0393864252846806
27239,-0.067804990523992
27242,0.0607014925120927
27243,-0.1393823066931723
27244,-0.0444177555377886
27246,0.0765064038660103
27247,0.0547749138472856
27248,-0.0672778717249289
27256,0.0344102633140507
27257,0.0485384471526067
27261,0.085593541559649
27264,-0.0534294948145295
27266,0.0630694314122314
27268,0.1128520270196183
27272,0.0266800490862372
27274,-0.0044551931834566
27279,-0.0508338634491759
27284,-0.0727150598997244
27292,0.0826999467921715
27295,-0.0739680841734877
27296,0.0212600650609733
27299,0.0215607055260717
27304,-0.0912145999913802
27305,0.0781775140227998
27306,0.0623094687877535
27316,0.0445903553312572
27320,0.0035947267292264
27323,-0.0866937362479771
27325,-0.0180568642941302
27327,0.0648049246901141
27331,-0.0631916927275281
27333,0.0095592189375606
27335,0.0644021861611303
27338,0.0893406163400302
27341,-0.0125563332679078
27343,-0.1116473573044309
27352,-0.1115632966339133
27354,0.0272296711431376
27355,0.1072024579017621
27358,0.0628109215715277
27361,-0.0525790085850865
27363,-0.0984835192619091
27365,0.0143759440915546
27366,0.0186277337841529
27371,-0.0694075047665686
27377,-0.0997975694832554
27387,0.0979258072354671
27392,0.0743428078300631
27393,0.0671147116698299
27396,0.0787010444850971
27400,-0.0044000426161882
27402,0.0662174372526665
27403,0.0621580005442499
27412,0.0718904743003723
27413,0.0815216701533422
27416,-0.0374126731369056
27422,-0.0121332056503468
27428,0.0269816746716809
27430,0.0272391121865884
27432,0.0770869947079122
27437,0.0407058094575787
27438,-0.0051795916528147
27445,0.1290333706265816
27446,-0.0829003051439717
27448,0.1025256759370625
27451,-0.0496814164108834
27452,0.0770869947079122
27455,0.1054022838635209
27458,-0.0080734650822381
27460,-0.1004384799224867
27462,0.0205661272409454
27464,-0.0245308781420566
27466,0.0538212475764248
27467,0.0358809681148094
27468,-0.057274429636368
27469,0.0542017228413037
27473,0.0292631886763446
27475,-0.1302850285249904
27476,-0.1081491669198844
27480,0.056329161735138
27481,0.066245788383112
27482,0.0716325335377426
27483,0.0242156691079195
27484,0.0308039508635694
27488,-0.0775045069006215
27490,0.0946844116530267
27494,0.0435977729070571
27496,-0.0836807494001256
27497,0.0309399613411787
27500,0.0365944435657422
27503,-0.0590941331733648
27504,-0.0738832698803537
27507,0.1393739304694247
27508,-0.0424859710905362
27509,0.0250736600990675
27513,0.0656445986668384
27515,0.0115118408724046
27517,-0.0008393268790506
27518,0.05837451362209
27521,0.0973044158952099
27522,0.0694652644385084
27523,-0.0059750640226198
27526,-0.0737841138144325
27528,-0.084981717875493
27529,-0.0629605041889993
27531,-0.0293694219034748
27532,-0.1371644174182017
27533,-0.0429934987115716
27535,-0.1081491669198844
27538,0.0684927960341514
27540,-0.0388836792502883
27542,0.0271686338584612
27543,-0.0393216238680779
27545,-0.0209622099828719
27551,0.0806749262639481
27552,0.0685060745087496
27555,-0.0012669031190083
27556,0.0871453795149737
27559,0.0813078373795265
27562,-0.1044060797333968
27566,-0.1658581086833132
27572,-0.0172727678351202
27574,0.0006532195348682
27579,-0.0627925200697574
27583,-0.0676565520123643
27584,-0.0269992523332032
27594,-0.0277375411131555
27597,-0.1130824820253661
27598,0.0028823786550592
27600,0.050533966236568
27602,0.1122727757015298
27604,-0.0355785957350322
27605,0.0612877737488604
27606,0.0342602182651574
27607,-0.0510928537576487
27608,-0.0930231489967092
27614,0.0224169560526097
27615,0.0030527722963941
27619,-0.0515877822095559
27623,0.0692310099214026
27624,0.0850824644439466
27626,-0.0131234860610525
27628,0.0531160161196443
27629,0.0309261346623572
27630,-0.01466289357921
27632,0.0209640836706682
27633,-0.0065511145532082
27641,-0.055307793139523
27650,-0.046741685428695
27654,-0.0598794333435555
27655,-0.0143706935101089
27656,0.048404209983664
27657,0.0285039032409806
27662,0.0116354776060791
27672,0.0653341389776627
27673,0.0986780801813111
27674,0.0178481038537802
27675,0.0504995005652356
27687,-0.020388742593711
27688,0.0593346630566567
27689,0.0393332121859305
27690,0.0196701823290821
27693,-0.1629298651789382
27702,0.0515117162303036
27706,0.0471083743590531
27712,-0.0495964619849595
27713,0.110069808525067
27714,-0.0703155858151281
27716,-0.0198170183305018
27717,-0.0531591926737086
27718,-0.0515877822095559
27724,-0.0515053539062621
27726,0.0016728694476585
27727,-0.0007602851288363
27728,-0.0562459286801507
27729,-0.0473869383792091
27730,0.0636182821291043
27732,0.0571633418247069
27733,0.0111242939173108
27735,-0.0180793677382063
27741,0.0361625814999636
27742,-0.029430512034053
27743,0.0968632336602821
27751,-0.0317907452429806
27752,-0.0547824746588513
27753,-0.0021746503695448
27759,0.0518753277037944
27763,0.0868378350442199
27771,-0.0372184601563805
27772,0.0246294325646003
27774,-0.0265685010696096
27777,0.0600927142458281
27781,0.0745230780439944
27782,-0.0782056522579852
27785,-0.0025021305725618
27790,-0.0871636924262708
27791,0.0271611565956296
27792,-0.0127080794635614
27796,-0.0875936099351782
27797,0.0279687030584756
27798,0.1013843212563587
27800,-0.0193217606771345
27806,0.0260626782762876
27807,-0.0556849634442426
27808,0.0050203319769488
27809,-0.0952467770809544
27815,-0.0746723896700333
27816,0.0877017142306395
27818,-0.0775657127312882
27821,0.1146966892830523
27823,0.0195386523835123
27829,-0.0402519359248881
27831,-0.1173701707511326
27832,0.0127368287994769
27833,0.0761523740413573
27837,-0.0240926807116722
27841,-0.1451472945475322
27842,0.0346156992044541
27846,-0.0515999652626888
27850,-0.0104288690519611
27859,0.0163823484363751
27860,0.0838113849193754
27867,0.0442017519444703
27871,-0.0371156495595715
27875,0.0136396108287719
27880,-0.0687393566809322
27883,-0.1236216350061393
27886,-0.0533803006011946
27888,-0.063524240356385
27894,-0.0023647878336815
27902,-0.1029841933079327
27908,-0.0485120638372269
27911,0.0090848308198966
27922,-0.0364844666838252
27924,-0.0582480987090708
27927,-0.0569018590424751
27928,-0.0265436257145965
27933,0.0015802779880648
27937,0.0409554224718481
27942,-0.0185033202239409
27947,0.0470835621958352
27958,0.0968196183217972
27963,-0.0168584349719028
27964,0.0200591242900957
27968,-0.0054088192460824
27970,0.0523401824179448
27978,0.029861573260309
27980,0.0645344454158758
27981,-0.0391182901775421
27982,0.1173750161370414
27984,-0.0998884231579116
27986,0.0989758958997406
27988,-0.0005907985872625
27991,0.0381986608778806
27994,-0.0470076054593183
27998,0.0593861252958128
28006,0.0097426514715236
28008,-0.0515511552191854
28012,0.1660769178904591
28013,-0.0556278066127613
28015,-0.0127293286299809
28018,-0.0044565292891468
28020,0.0812674388597967
28021,0.0147077209687626
28025,0.0709607876349921
28028,-0.0184769005941208
28033,-0.0715093137750489
28034,0.0427046312608787
28037,-0.0580828001009735
28042,0.1163554740552149
28043,-0.0140043935129509
28044,-0.0358535474423053
28046,0.0815127853537975
28048,0.0241718378502094
28058,-0.0847583047303789
28059,-0.0349087251265566
28063,0.0179316728658289
28071,0.0216555753829849
28072,0.0595315551637843
28076,-0.1104473955850951
28079,-0.0527429381867165
28082,-0.1419840038648592
28084,0.0928093480846457
28085,-0.0598727557322961
28090,0.0144143510734372
28094,0.0260325113760153
28097,-0.0870784499733397
28100,0.0219578597853996
28106,-0.0611082135701457
28111,-0.0256642977349988
28117,0.0538002389323048
28118,-0.0336579817689094
28120,0.0363829103730317
28121,-0.0020614281578356
28124,0.0819278658687483
28125,-0.0763055824707836
28128,0.0494610148040296
28129,-0.0408915877048206
28130,0.0436868835493721
28138,0.0867933099595587
28141,-0.0548947722551225
28145,0.0811044948041362
28147,-0.0255651082145303
28149,0.0050925415858505
28152,0.0482320502461835
28154,0.0793589493331551
28159,-0.0470182716919864
28161,0.0003308872003775
28162,-0.163907035017812
28163,0.0540693273185361
28169,0.0147650513536098
28171,-0.0723649564937826
28173,0.0949418542344411
28176,-0.0590053532484187
28177,0.0805602393063425
28178,-0.0119071510771182
28181,-0.0127293286299809
28187,0.0291491480119844
28190,0.0782145039641173
28194,0.0902574251522006
28200,0.0966706037749143
28201,0.0338120351960737
28202,-0.0495608360822929
28203,-0.0217892530104821
28206,0.1172634033349456
28207,0.021777919339739
28208,0.0142594661700559
28210,-0.1224529210644203
28213,0.0444817746197198
28214,0.0290261708040855
28215,0.0193655603128295
28216,0.0395125523352192
28217,-0.0048058563894824
28224,0.023294083038227
28227,-0.1268345478321924
28229,-0.068166171280909
28232,-0.0836052102388462
28236,-0.0724887725858266
28239,-0.0118407924100553
28245,0.0233717661751399
28246,-0.0486500010076818
28247,0.031525026002125
28248,0.1315105615643869
28249,-0.2285483101067224
28251,-0.0945674940550665
28257,-0.0567417041614587
28264,0.0633160391290433
28269,0.0576640336736098
28272,0.0693402811479125
28275,-0.0445170606715358
28276,0.0902574251522006
28278,0.0656166409007451
28280,0.0433546993341881
28281,-0.0193705581834933
28285,0.0288353120328018
28294,-0.0189353346447699
28299,0.1579094653288179
28306,-0.0460803622820507
28307,-0.0860067084005619
28309,-0.0219439636020949
28311,0.0712985472628735
28312,0.117120317306878
28322,-0.0312816188368409
28326,-0.0831066020848044
28327,0.1006133329959042
28329,-0.1101560288356692
28330,-0.067638950120898
28331,-0.0094549888167152
28332,0.1481877600905056
28334,-0.0444184607709423
28336,0.0550273673675095
28337,0.0233608871769227
28341,-0.0282092766810628
28343,-0.1140500889116537
28344,0.0474598155748484
28346,0.1051488842713136
28353,-0.0653388702480108
28368,-0.035849482098969
28369,-0.0488144684298854
28371,0.050803934636182
28377,0.0112480789238348
28383,0.0235892122488968
28384,0.0316073359745476
28387,0.0634238212741723
28397,-0.0013409287634138
28404,-0.0978273998081777
28413,-0.0521254608304672
28417,0.0723062991820261
28420,-0.0514395166181754
28425,0.0598769193389398
28426,0.0321367667541498
28429,0.1295387660737685
28430,0.0529317913005597
28431,1.531756442523811e-05
28436,0.0761610651184861
28437,-0.0220246310975949
28440,-0.0487983976422136
28441,0.0580760443841264
28444,-0.0472907038712504
28446,-0.0541818595954988
28454,-0.004064932021269
28455,0.0829112047313002
28459,-0.0456315849520286
28460,0.0270635827120211
28462,0.0058265853677925
28463,0.0355577438332032
28465,-0.0286003010286261
28468,0.0619449230317261
28474,0.0951713997937443
28478,0.0243293187697682
28479,0.0911320230305651
28483,0.0394241735578746
28487,-0.0072259994003374
28488,0.0680688252363541
28489,-0.054172685432021
28492,-0.0428215860177379
28502,-0.0747779661017385
28505,0.0182697221622396
28506,0.0571823121616571
28511,0.0053118107329644
28512,0.0206880877635061
28518,-0.0321883049456344
28519,0.085120837400907
28522,-0.0701796020003239
28523,0.0042823825311617
28524,0.0742475929585143
28532,-0.071244723043355
28541,0.062074886055511
28545,0.0147522148244875
28554,0.0429409074971274
28555,0.017946233484144
28558,0.0502778313777675
28561,0.0315152137647945
28565,-0.0604843323638631
28566,0.0916613403740583
28569,0.0421231824593054
28574,-0.0510649940434739
28575,0.0042218207432931
28577,-0.0521754584054474
28580,-0.0014848022973888
28583,-0.0458561552344243
28584,-0.0437068624711553
28587,0.0895136239349932
28598,-0.0045960896988578
28599,-0.0200072780903476
28609,-0.0145715439476057
28612,0.0632471564515477
28614,-0.0474000716300291
28617,-0.0764823007920807
28625,0.0829316879403951
28626,0.0740208989971319
28629,-0.0250256496416464
28630,-0.0370488230550204
28632,-0.0094035304581106
28633,0.0533584245611523
28636,0.0611183601308996
28639,0.0484449253320627
28641,-0.0488281471944401
28648,0.0849677214734802
28654,0.0413706767832648
28657,-0.0613413197064607
28659,-0.1948008514075581
28662,0.013467491241906
28665,-0.0835009507609803
28666,0.0480066425755651
28667,-0.2022297459224991
28670,0.0668265931815338
28671,0.0765407983215939
28675,0.080229161507075
28678,-0.0665774732118561
28679,-0.0652996801439953
28686,0.0960192254345088
28687,0.0594483368022096
28688,-0.0627901810440189
28690,-0.1492139771064232
28692,-0.0357115708279584
28693,0.0369088404147522
28697,0.0194904737617092
28700,-0.1099122794907924
28711,-0.058819473316655
28714,0.0743680337224713
28715,-0.0470305443255694
28721,-0.0029519770405041
28722,-0.0861407563480896
28735,0.1124106054055539
28736,-0.0424184024041075
28737,0.0386865131279704
28741,-0.053799779656659
28745,0.0821178691054226
28750,-0.068043485930365
28751,0.0329441973427897
28756,-0.0354061317851984
28761,0.0259579759780545
28762,-0.0117502378573729
28765,0.0542672104316013
28766,-0.0964296187206093
28767,0.0545117838814231
28770,0.0447475273396955
28781,0.1298323590353422
28787,0.0779958922526053
28789,0.0298210159772933
28792,-0.0315483190605861
28793,0.0216452055033254
28794,-0.1228184666345101
28797,-0.0080647405122812
28802,0.0611867819995583
28815,0.1232128497781936
28824,0.0384765267830958
28827,0.0852287730218279
28830,0.0269457589662167
28835,0.0816731908044819
28839,0.0817930824101544
28842,0.058569826627653
28844,0.0037021816982146
28848,0.040992826357414
28851,-0.0491614900727254
28852,-0.0634438232787329
28854,0.0345116804421635
28861,-0.0498476478022997
28864,-0.2235863817979799
28865,-0.0955859265457831
28869,0.1134483261546353
28873,0.0220133660776724
28875,-0.0101088097603707
28880,-0.052683683701651
28883,0.0975216795478391
28884,-0.0615741431175542
28887,-0.105439891420985
28891,0.033624641625108
28892,0.0588566674432889
28895,-0.0216076505679052
28896,-0.003876953492057
28899,0.0026402638836094
28902,0.0296582233128669
28910,-0.0556395086398525
28912,0.083232203945699
28913,0.0283229843573979
28915,-0.045245160418279
28916,-0.0061795185535584
28917,-0.0442230983787744
28923,0.0129366719419862
28924,-0.0742567866517228
28926,0.0713118007894507
28932,-0.0634594909041716
28933,0.0264812957370069
28936,0.0177600679626799
28937,-0.081357747189359
28939,0.0389788690073245
28947,0.0897674605319674
28948,-0.0603464393146322
28955,-0.0698088075051841
28959,-0.0366126903554387
28961,-0.0367725592731599
28967,0.0038545849227256
28968,-0.1982940887494435
28976,0.0131261221540582
28979,0.1351074522784909
28988,-0.0544181987584164
28991,-0.0500436778644053
28995,0.0940362427555986
29010,-0.0885142603489491
29014,0.0351428070799451
29016,0.0461222833572754
29017,-0.0248814869812652
29019,0.0820679548499036
29020,0.0285974369028976
29022,0.0291870987568199
29029,-0.053716600561563
29039,0.0210678222447533
29051,0.0136111860974344
29052,0.0417084292828616
29054,-0.0223627158460549
29056,-0.0070444166140865
29057,-0.0658030135614401
29058,-0.1333964712084862
29059,0.0263053355181819
29061,-0.0144947915226126
29062,0.079812990104043
29064,0.010792417319352
29068,0.0675806704754142
29069,-0.0114932654087051
29070,0.0089302501253923
29073,-0.0094566627842947
29075,0.023766487935684
29078,-0.0646994495405554
29079,0.003921038156342
29082,-0.0560066701236079
29085,-0.057999713877458
29087,-0.0117861382723815
29088,0.0761795189917262
29097,0.002375928130806
29101,-0.009750276242077
29103,-0.0587457395697476
29118,0.0657746925654658
29119,0.043645352335939
29120,0.001734732429682
29125,0.0921207062423312
29127,-0.0447134346958436
29128,-0.1435575503902896
29129,0.0690386750186497
29131,0.0489914537339165
29132,0.0978804121880495
29134,0.0670964144965636
29135,0.02694320761727
29137,-0.109934156084765
29139,0.0097777315611555
29143,-0.0840246951209273
29144,-0.1568205125632885
29146,-0.0758164136279785
29150,-0.0796589709236641
29151,-0.0641811960891795
29154,0.0683318149485276
29155,0.0702497537577125
29156,0.0086043865420297
29159,-0.0517483545973092
29160,-0.0641692161752907
29162,0.0128329907681759
29163,0.0703918314090755
29165,-0.0134829527603179
29168,0.0164613750625746
29170,-0.0138672188439074
29171,0.0627587381725389
29173,0.0162641095740975
29177,0.0390147820726992
29181,0.0681585325068205
29182,-0.0439863202124489
29184,-0.1132061551891612
29188,0.0844000472193215
29189,-0.0503438261246605
29191,0.0759143935699353
29194,-0.0485000944460768
29205,0.0130313931959281
29207,0.0699092322357265
29208,0.0905481785987179
29209,0.1301986306348961
29210,-0.0045697721175152
29211,0.1008296446705218
29212,0.060576533632988
29213,0.04000212625735
29217,0.0305577842719403
29222,-0.175982024720246
29223,0.0901194425732398
29229,1.3442488898278989e-05
29230,0.1111772056737143
29236,-0.0483628697748373
29237,-0.0457450051536981
29241,0.0146148006170049
29242,0.0834247312926125
29245,-0.0208123717166574
29247,0.0382146655637731
29249,-0.0493396332468822
29253,0.058164754139128
29254,-0.0303317147457478
29258,-0.0057932266230289
29260,-0.0235842422032945
29268,-0.0527902555999828
29270,0.1338892480916615
29272,-0.0095992899170219
29286,0.0924272174382148
29294,0.0133140137047673
29296,-0.0344358070063791
29298,0.0237777550284768
29300,-0.0090010522177688
29303,-0.0866441250776893
29304,0.0153649169825272
29310,0.0153427228880229
29313,-0.1030561344815283
29317,-0.0997134951165628
29318,0.075983254936281
29319,-0.064354035254198
29321,-0.0569468989043095
29326,0.0613762008559533
29336,-0.0062855364827535
29338,-0.0532509014800685
29341,-0.0099951226430815
29342,0.0161574476833614
29344,0.0693046570095054
29346,-0.1089075576580503
29348,-0.0898191159989728
29349,0.0490318428555197
29355,-0.016391916758232
29357,0.0206923380546807
29358,-0.0629555531104647
29361,0.0206274375942715
29365,0.085963083896656
29373,0.10915567274211
29374,0.0343187885794711
29376,-0.0510376197613589
29380,0.0245181141957561
29382,-0.0628877010462707
29385,0.0209117700010919
29388,0.0953885000200523
29392,0.0613891741222597
29397,0.0231364113050796
29401,-0.044290390153214
29403,0.0077256603553694
29405,0.0623792254970052
29417,0.0196781525967503
29420,0.0251145019254375
29431,0.0661045782400531
29436,0.053169600967882
29437,-0.0636773238686949
29443,-0.0516654735293992
29445,-0.1176156538574944
29447,-0.0341158198769642
29448,0.079069751979792
29455,-0.0694033876788233
29462,0.0468514177674382
29469,0.0160009457567823
29470,0.0707536067164658
29473,-0.1213347267468845
29476,-0.0420628828749569
29477,-0.019009825546293
29478,0.0567779437710011
29482,-0.0326621770909203
29485,-0.1117494162205464
29497,-0.038962617660016
29502,-0.1095646288993932
29503,0.1208059809367711
29504,-0.0009545950813558
29508,0.1375063623047967
29509,0.0160873313390107
29510,0.1127455354173311
29515,0.046704847752493
29517,-0.0327929962676347
29518,0.0010225122045215
29519,0.1040257840424022
29520,-0.0446844198150438
29521,0.0850589226617353
29522,0.009346236971461
29529,-0.037074021069902
29530,0.0784556916435259
29532,-0.0790894375607746
29537,0.0641438424646341
29542,-0.0738087558641472
29543,0.0568141487554425
29544,0.0742521561675729
29547,0.1375063623047967
29554,0.0287300279325033
29555,0.1065608119113068
29558,0.0147018739494454
29561,0.0170816667432614
29564,0.0251507283096199
29569,-0.0402461265042593
29576,-0.019958721327001
29577,-0.0589000797465332
29578,0.0454577792980062
29579,0.0685970162653033
29585,-0.0448772720748447
29587,0.0640920170966676
29588,0.0403332083456018
29590,-0.0067870681395805
29591,0.1151566460503971
29599,-0.0914863903762251
29600,-0.0617953839635773
29601,0.0888790203014359
29602,-0.0875746127382596
29603,0.0259177708699722
29606,-0.1295824021589721
29607,0.0790448750565392
29609,-0.1090729964458772
29612,0.0311992069146557
29616,0.0652529610600619
29618,-0.0028997129585644
29627,0.0069708245725349
29630,-0.0625790006500806
29635,0.0966896100025872
29637,0.0205958307201774
29641,0.0446874801762442
29642,-0.001831573176222
29643,-0.0728873276447207
29644,0.0355956493597353
29645,0.0113536104455508
29653,0.0516102030167656
29664,0.0243725911137569
29665,-0.0607432846585485
29667,0.0388655935011662
29673,-0.059391238853381
29675,0.0186981626934103
29678,0.0326828560349973
29679,0.0204686299480663
29691,0.1234266681276915
29692,0.009051157394104
29697,-0.0024469407051989
29702,0.034979772610443
29707,0.0360931961033219
29708,0.0009326418166096
29709,-0.0902618638087899
29712,-0.1122999424702611
29713,-0.0337593990996511
29714,-0.0276225793702455
29720,0.1102550134848929
29731,-0.0158586589532175
29734,0.025256265076023
29736,0.0172333094212837
29738,0.0756440387596354
29739,0.0247643135028525
29743,0.0275481850480796
29748,0.0172561836306129
29750,0.0409466434756116
29752,0.0659279578909121
29760,-0.0441212527602735
29761,-0.0833447659225044
29764,0.0877486097398362
29766,0.0686907522612554
29771,-0.0423808521382902
29773,-0.0382691441498556
29780,-0.1059852435430849
29781,0.0903899923775798
29788,-0.0551170134298044
29795,-0.0665373698653336
29796,-0.0174769273867176
29797,0.0001827922973407
29798,-0.0725909750348702
29799,0.0374180599271013
29802,0.0928039324857904
29806,0.0566435284412178
29807,-0.0667852619747273
29809,-0.0427049982962349
29815,-0.0105391161440114
29821,-0.0018232714798107
29822,-0.059049836545893
29827,-0.0066376205246044
29829,-0.0459097182945047
29830,-0.0117837402026274
29831,0.066447379769015
29833,0.0467489858995324
29835,0.0597981531884016
29838,0.0538592198524482
29842,-0.0970662298979503
29843,0.01675212212067
29844,0.1206831422262862
29845,0.0969855223935473
29846,0.1066931445533279
29847,-0.052703824553267
29848,-0.2154976174729289
29850,-0.0039137578234444
29855,0.0165534025857529
29857,-0.1405277468249571
29858,0.0022344069729256
29859,-0.0133973080704747
29861,-0.0174487526442155
29863,-0.0778887686599979
29865,0.0650513026117731
29869,0.0117014308094179
29870,0.0689333364928931
29872,-0.1024795086072097
29873,0.0234614881004173
29874,-0.0302071175291263
29877,-0.06578088850253
29880,0.09311223729737
29889,0.0722921992584329
29901,-0.0930011310981152
29903,-0.0119881074347497
29908,0.0640043916346921
29910,0.0234614881004173
29912,0.0890488397298541
29916,0.0214022846960904
29918,0.0015242587820637
29921,-0.0154926490796929
29922,0.0194584689094849
29924,0.0927943837272099
29925,0.1050497866333498
29926,-0.0574764557310211
29927,-0.2037114398083581
29933,0.0173675369934668
29934,-0.0147557900234416
29936,-0.0899291392267242
29942,0.1035826861937186
29951,0.0688715144044679
29955,0.046989624322878
29959,0.0263210535452939
29960,0.0215270375305412
29964,0.0768869226119292
29965,0.0049560238348998
29966,0.0699418269076605
29971,-0.055478212419485
29973,-0.0277484061685271
29974,0.0227298430470185
29977,0.0626643554136322
29978,0.036106794935135
29979,0.0584164766416906
29983,-0.2072240901237603
29987,0.0057833995525765
29989,0.0370597875101965
29993,0.0379822663625501
29994,0.0843896628704203
29995,-0.064679340133482
29997,0.0244008737928652
30000,-0.0838411262656851
30004,-0.0303096996188289
30005,0.0309328728099093
30006,-0.0608519633817899
30008,0.0770531015292997
30011,0.0364706116849222
30012,0.0251764997891403
30013,0.0223626831876045
30020,-0.0122927136885473
30037,0.1029130522768484
30041,-0.0656136080338343
30048,0.0431249282402507
30050,0.0324257922687354
30051,0.0115085445735277
30053,0.0914668827261777
30054,-0.0991195299398779
30056,0.0154607724190704
30057,0.0083116260295942
30064,0.0177731094815511
30066,0.0487550727632057
30075,-0.0499937536406274
30076,0.0158730494847165
30078,0.0132012287929549
30079,0.0662065869219363
30080,0.0269058020541526
30081,0.093862939484722
30085,-0.0003737441903953
30091,-0.0247075403315029
30093,0.0196643928384058
30098,-0.0507162682730024
30100,0.0089337581934586
30101,0.0804999691854139
30103,-0.0563669869644055
30106,0.0512874174396005
30109,0.069814755374307
30111,-0.0600473084419797
30112,0.0106818701235603
30113,0.0805507057416741
30116,0.0657016206153901
30117,-0.1052377589484381
30119,-0.0674513689484449
30123,0.0977785801080296
30127,0.0229157977722058
30132,-0.1725215981396983
30133,0.0303205631745621
30136,0.07695511950401
30137,-0.0678688376284575
30138,0.0214845142859086
30140,0.0069165608894126
30147,0.0560655338577174
30148,0.0908710470594284
30152,-0.0532583589888558
30153,0.0796732407313843
30156,-0.1908804979785243
30157,-0.1199533982541079
30158,0.0915855806455465
30165,-0.0388328783336404
30167,-0.0347704412954319
30168,-0.0958018047889155
30169,-0.0719075039562925
30173,-0.1197374631928291
30176,0.066551156556984
30177,0.0378065566119359
30179,-0.0134920878470442
30181,0.0731786042395413
30183,-0.0537145267410561
30189,0.0610753981363961
30190,0.0306024900370735
30196,-0.0231974032061068
30200,-0.0517071739223169
30204,-0.0900070923202743
30205,-0.0090412921022873
30207,0.0168843793088467
30211,-0.0214638622145505
30215,-0.0073879611990896
30222,-0.1159719065029388
30226,-0.0242561379239783
30227,0.015653303392702
30232,0.0531368767765196
30233,-0.0562659284408282
30234,0.0302047508532899
30235,0.0931863298634836
30239,0.0416449724160561
30248,-0.1019275675331074
30263,-0.04017114066415
30267,0.0634777649976054
30269,0.0253846205857228
30270,0.1050755280569956
30273,0.1058590039898123
30275,-0.0546483152998325
30277,0.0437347806296241
30283,-0.0388204090176447
30286,0.0632061176447869
30288,-0.0157638100543528
30291,0.0565255112864005
30292,0.0809724820157546
30295,-0.0759667943016998
30299,0.0298297647763262
30301,-0.1064037155309683
30306,-0.003404054264579
30308,0.0662389056377123
30310,0.0596406893270354
30315,-0.0177149568660453
30319,0.0379699423171779
30320,0.0924331410122876
30322,-0.0518931067020366
30323,0.0133814474844916
30324,-0.0305238265665806
30326,-0.0162442765333614
30328,0.0354781309564544
30329,-0.0465674289299473
30336,0.0615241208745233
30340,-0.0064889678330133
30341,0.0881456457725716
30345,-0.0757716074888245
30347,-0.0148123743581011
30349,-0.1075202746931585
30351,-0.0031286484714495
30353,-0.0637017236679912
30354,0.0134649307584778
30357,0.0244767570135016
30359,-0.0550198145975178
30365,0.034969425867572
30367,0.0998447865372901
30369,0.0374030441511254
30370,0.0487504723258393
30373,-0.0231468461739883
30376,0.0577559190251262
30380,0.0593465724757731
30381,0.0810792718518091
30382,-0.1221264896451418
30386,-0.0382454207171521
30388,0.0250309267718851
30389,-0.0268958869370172
30395,0.1104873184916941
30396,-0.2030316986385117
30400,0.0886039440684021
30403,0.0053833842773303
30405,0.0124537951417056
30406,-0.0189813731325378
30407,0.0771343067298409
30408,0.0935136306275331
30419,-0.2390529117312451
30420,-0.0787072267316949
30422,-0.1360420996462025
30425,0.0459073229966293
30431,-0.0848081200010198
30432,-0.0813452271062982
30435,0.0372077951308253
30439,0.1079754041971196
30440,-0.0089267134165739
30442,0.0722627773435711
30443,-0.0513781458771882
30451,0.0245275363300862
30452,0.0389727305241748
30456,-0.0258866953436977
30458,-8.57727517871572e-05
30459,0.0189634792934496
30461,0.0261764747488878
30462,-0.122957146658339
30463,-0.1109983117026915
30464,0.1077001168399396
30465,0.0126185373453971
30467,-0.145466908956067
30469,-0.0314848511037529
30470,-0.0544114884359672
30476,0.0672108273879433
30481,-0.0976513200673245
30483,-0.0943561559519016
30484,0.0286230141366456
30489,0.0709460161496637
30492,-0.0051783365492312
30493,-0.0829619513277058
30497,0.1545953396977599
30498,-0.2260513061424659
30499,0.0322203406441727
30500,0.0489494484332465
30502,0.0305775766864457
30507,-0.0175297470716928
30510,-0.042169230904299
30511,0.0325219718988297
30517,0.0774828306017467
30519,-0.0694319787372477
30523,-0.0114790261449565
30525,-0.1170924433671335
30526,0.0994047687981549
30528,0.0106524900125929
30532,-0.079760197520352
30533,-0.0408238617656668
30535,0.0904589189064112
30537,-0.0008661052583738
30544,-0.1496880848407898
30549,0.0137206353335932
30550,-0.0225317350513891
30552,0.0336939396944636
30557,-0.0402629820100368
30559,-0.0418442998014945
30560,0.0446623310795426
30562,0.0517614539524513
30565,0.0190945694446063
30566,0.091593595681067
30567,0.1159671984337718
30569,-0.0267669420829101
30571,-0.0943676140664891
30572,-0.0577834594425278
30573,-0.0249514489373805
30578,0.0397028841227564
30579,0.0166746451652637
30583,-0.0893048829543989
30587,-0.1361274487231916
30591,-0.1829446018737432
30609,-0.0018401681148187
30617,0.0109698618941406
30622,0.0833418999068272
30627,0.0352165564799738
30628,0.0153480817625366
30631,-0.0001567081426278
30632,0.0197571666354505
30633,-0.0167685255730732
30634,-0.1075058573125334
30637,0.0065521768022978
30638,-0.1195412173779141
30640,0.0761953379775699
30641,0.0890062606111901
30642,-0.0254266257447307
30644,-0.0163824768577864
30647,0.0637646490498023
30648,0.0694224581724521
30649,0.02169878695033
30658,0.0774415075367107
30663,-0.0622801390879474
30665,0.0098003681865183
30668,-0.0954590578119514
30669,0.081285488064361
30670,0.0338809826270889
30671,-0.1749864567785689
30676,-0.053122138591091
30681,-0.1527615352961823
30682,0.0466620181060642
30684,0.0155431985939516
30686,0.0788962941352236
30689,0.0347922557784989
30690,0.0622922362316098
30693,-0.0831042978221287
30698,0.0632363268398059
30700,-0.065931500798745
30702,-0.0644465019104874
30703,-0.0649186443056768
30704,-0.0585118341157466
30705,0.0673434366347194
30706,-0.0542752706710376
30710,-0.0305345164690872
30712,0.0477594546128285
30714,0.0154965627945303
30719,0.0789965177756746
30721,0.0054504208995508
30724,0.0157745377773416
30726,0.0451022997858446
30729,0.0827137584484656
30731,-0.1122412139825771
30735,0.0327642974691285
30736,-0.0545558063114618
30737,-0.1174748065040062
30739,0.03413251117133
30740,-0.117339758752356
30746,0.054052523164405
30748,-0.0559113620724107
30753,0.0517802610124461
30755,-0.0847749347548381
30757,0.0654805746479584
30759,0.0639684452172697
30765,0.0391753854409817
30770,-0.0379012943650468
30772,-0.0143876407323809
30778,-0.0100412995244747
30781,0.0579869383597884
30786,-0.014482690276445
30791,0.0654144111951164
30797,-0.0308515085747346
30799,0.030281752933442
30800,0.0278050691053422
30806,0.0109006655855502
30809,0.1112212469674722
30813,0.0169153465234465
30814,-0.0001058106780244
30818,-0.0525168433619441
30820,-0.0481378553122545
30822,0.061303105089797
30827,0.0891659780925163
30831,-0.081225470060666
30836,0.0237535872193601
30844,-0.0995908445258207
30853,-0.1188541627790769
30854,-0.0683232548442914
30856,-0.0493998633580254
30859,0.0172289264796115
30860,-0.0247997990214687
30862,0.1050795059860935
30868,0.0209901370756847
30869,-0.0095626678176085
30873,0.028819394883524
30874,-0.1022351419154849
30875,0.0442508071615344
30880,0.0456408754028394
30884,-0.0280820015497966
30890,0.0645005505023045
30893,0.0362326823004338
30894,-0.0225271649317254
30897,0.023037209610085
30898,-0.0831258399423749
30900,0.0079687279790549
30904,0.0237989085380725
30908,-0.110275745492321
30915,-0.0471464391274464
30918,-0.1222147928563033
30920,-0.2125739701184485
30921,-0.0297388853716252
30923,0.1097946215418753
30926,-0.0124162984703911
30930,0.0207772300534693
30938,0.0172538431504287
30940,0.0040219150968589
30945,0.0766271624495451
30946,0.056571388181094
30947,0.0503767779220825
30948,-0.0946594299383527
30950,-0.0557790754901858
30951,0.0656906465710283
30952,0.0268589388392574
30953,-0.0397744571981711
30955,0.0170119784749315
30958,0.0228583352921646
30959,-0.0181465340864083
30965,-0.0087671987830926
30969,0.0081484210548183
30970,0.0825746999490423
30973,-0.1451883127340423
30975,-0.1027293502316263
30979,0.0615611754451719
30983,0.1035027727592983
30988,0.05841320829961
30989,0.0103662027439624
30990,-0.1699396584357657
30991,-0.0128065606184073
30992,0.0837656705890912
30993,-0.0640190824438039
30994,-0.1073577022920968
30996,0.0055926822135573
30999,0.0699046348774714
31000,-0.0056179359443603
31005,0.103665195375364
31012,0.0125898069918797
31015,0.0260393871611407
31021,-0.0153854051248136
31024,0.0052607793020781
31025,-0.0411287792616228
31030,-0.0231625009344151
31035,0.0857815646078807
31036,-0.0839218466748122
31038,0.0465473281496984
31040,-0.0253660738824785
31041,0.0821787144442725
31044,-0.078790826613852
31045,0.0707583193149834
31046,0.0667973824275964
31050,-0.0680446890728905
31054,0.0994464179224656
31057,-0.0258994960723679
31059,0.0246838737211535
31065,-0.0510614712948241
31066,0.0366602737620004
31078,0.0050574116480616
31079,-0.0347682772960455
31081,0.0655016358645319
31082,0.0802259974924437
31084,-0.1039238740011001
31085,0.0687352830019645
31086,0.0501400619660939
31087,0.0372068748561047
31088,0.0881092770540375
31090,0.080658198571869
31099,0.0598389330862456
31100,0.0865268677820481
31102,0.0814958155120341
31105,-0.1133348198772412
31107,0.0054816166225504
31108,-0.0201473594521803
31110,0.0191689855822062
31111,-0.1124058712922574
31121,0.0177610077012802
31122,-0.0282333151221359
31132,0.0896500407970836
31133,0.0208854570135685
31134,0.0527420183496381
31135,0.0821281803246429
31139,-0.0726764887940822
31146,0.0032511558980821
31158,-0.0691091902493424
31160,0.0925291812293312
31165,0.0547691224743313
31168,0.0237335937586714
31170,0.0681895351773138
31172,-0.0375906817254967
31175,-0.0063310294190446
31180,-0.0646944809627522
31182,-0.0767659346241185
31185,-0.0228506405918318
31186,0.0394301543972369
31194,0.0702742319039892
31197,0.0360133485708176
31203,-0.079998968384785
31204,0.0365532287553113
31206,0.0880966382303625
31207,-0.0717658639931834
31209,0.0397306857037833
31212,-0.1269298904267383
31215,0.0793861200521333
31216,0.0843698966107775
31217,-0.0276410050544962
31218,0.1025182459322205
31219,0.0576992834206124
31224,0.025126602782017
31233,-0.001057325386115
31238,0.0351530171767785
31241,0.0397851572242365
31243,0.0071832671602366
31246,0.0081114968712493
31249,0.0440052538480078
31250,-0.0192353861748764
31251,-0.0151034638994039
31253,0.1456362486216371
31256,-0.0842764472109516
31261,-0.022969068206852
31263,-0.0168936804044958
31265,0.016113469282143
31266,-0.0674140607253494
31268,-0.0350973520845322
31270,0.073522184362318
31272,0.0931529536974779
31283,0.0448207360190043
31286,0.0724257602357472
31290,-0.0519607159166832
31301,0.1074074034658854
31305,0.0055668360252002
31306,0.1596604099893829
31308,-0.1479998037678158
31312,-0.0505350991962888
31319,0.0124589087214083
31325,-0.0419122592406986
31326,0.0989977051528203
31335,0.0745905289843128
31336,0.0261070791981735
31337,-0.0070747096791801
31339,-0.0009343793541028
31340,-0.0138803243137596
31341,0.0397941801036086
31346,0.100899132939722
31352,-0.0709445763146009
31353,-0.0261813899177325
31358,0.0234727100766958
31360,-0.0540014130375624
31362,-0.1229305745137537
31365,-0.0437047544597685
31370,0.0486588625975911
31373,-0.00658567362628
31378,-0.0242779663901556
31386,0.0987706483020228
31387,0.0525375164835921
31393,0.0264886946200276
31396,0.0305284822201402
31400,0.0379677288449627
31404,-0.0564466422179455
31405,-0.0442774615157282
31409,0.0667518507442992
31410,0.1081233525595862
31412,0.0546719345689176
31415,-0.0496402356085679
31419,-0.1431534170132553
31421,0.0462167148931103
31425,0.0849276888402976
31428,0.06150591801419
31429,0.0490018540946219
31431,0.0901584190829137
31432,0.0797596398102128
31440,0.0260203301358831
31443,-0.1176905662817659
31448,-0.0466885248083992
31451,-0.116787459033767
31452,0.0886371022037563
31453,0.0660599805592059
31462,-0.0085263903085364
31467,0.0682654115891232
31468,0.0672631697570528
31470,-0.0257022375940052
31472,-0.0083405636643771
31476,0.0818011937157469
31477,-0.0404425370792898
31482,-0.1217084697208366
31488,0.0783148524373193
31490,-0.1382486727194977
31492,-0.0244344748125171
31499,0.0681197063287278
31502,0.0193555919326921
31505,0.0252697561077524
31511,-0.0522003919657714
31515,-0.1111431404334225
31516,-0.1202200662872845
31523,0.0404579991267664
31528,-0.0455709144928713
31531,-0.028060598995162
31532,-0.0133225348355079
31541,-0.0734322187061435
31543,-0.0730304431430774
31544,-0.0698140545528959
31545,0.0720885982351494
31550,-0.0303973067163875
31552,-0.0272369986306304
31553,-0.075351241154472
31555,-0.0592546646050609
31557,-0.2017542084342932
31559,-0.0986142928313425
31564,-0.2084422833581454
31567,0.0261725984255734
31572,0.0208574195326078
31573,0.0196358601741211
31574,-0.0357790484360916
31575,-0.0284885490008709
31577,-0.0235583142197452
31579,0.0861395714535145
31583,0.0469786019052406
31586,-0.0525202806167567
31588,-0.0875950815057108
31592,0.1033934985200282
31593,0.0628215398113666
31594,-0.0418100967775366
31596,0.04203853419248
31597,0.0365021824061242
31600,0.0417318780531671
31602,0.0342438021905964
31607,0.0175760973438555
31611,0.02602832893869
31617,0.0520661534914173
31618,0.0727514336693003
31619,0.0256306901320198
31620,-0.0831235189195608
31621,0.0613508874159922
31625,0.0255726650583137
31629,-0.0438059928746626
31632,-0.0931214093172188
31633,0.058509130371775
31634,-0.0481615570623327
31637,0.0096980263894568
31640,-0.0646611243836089
31642,0.0089148141215482
